[66 87 72]
[127 169 138]
[119 158 129]
[67 88 72]
[67 88 72]
[63 81 67]
[ 80 108  88]
[131 173 143]
[132 173 143]
[133 174 143]
[133 173 143]
[135 175 144]
[134 174 143]
[135 174 143]
[135 174 144]
[125 162 133]
[35 48 39]
[131 172 142]
[133 172 143]
[133 172 143]
[133 172 143]
[134 173 144]
[135 173 144]
[135 173 144]
[135 173 143]
[136 174 144]
[136 174 144]
[136 174 143]
[136 174 143]
[2 2 2]
[47 61 51]
[132 170 142]
[133 171 143]
[134 171 143]
[134 172 144]
[134 172 143]
[135 172 144]
[135 172 144]
[135 172 144]
[136 173 143]
[136 173 144]
[137 173 144]
[137 174 144]
[137 174 144]
[137 174 143]
[138 175 144]
[39 49 41]
[66 86 72]
[ 88 113  95]
[133 170 142]
[133 170 143]
[133 170 144]
[135 170 144]
[134 170 144]
[135 171 144]
[135 171 144]
[136 171 144]
[136 171 143]
[136 171 143]
[137 172 144]
[137 172 143]
[137 173 143]
[137 173 143]
[137 173 143]
[138 174 143]
[139 174 144]
[139 175 144]
[45 56 46]
[26 34 28]
[127 162 137]
[133 169 143]
[133 168 142]
[134 168 143]
[135 169 143]
[135 170 144]
[135 169 144]
[135 170 143]
[136 170 143]
[136 170 144]
[137 171 144]
[137 171 143]
[138 172 144]
[137 171 143]
[138 172 143]
[138 172 143]
[138 173 143]
[138 173 142]
[139 174 143]
[138 174 142]
[139 175 143]
[138 174 142]
[28 35 28]
[10 13 11]
[ 94 121 103]
[132 168 142]
[133 167 143]
[133 167 143]
[134 167 143]
[135 168 144]
[135 168 144]
[135 168 143]
[136 169 144]
[135 169 143]
[137 170 144]
[136 170 144]
[137 171 144]
[136 170 143]
[137 171 144]
[137 171 143]
[138 172 144]
[138 172 143]
[138 172 143]
[138 173 143]
[139 173 143]
[139 173 143]
[139 174 142]
[138 173 142]
[139 174 142]
[139 175 142]
[30 39 31]
[0 1 0]
[66 83 71]
[131 166 142]
[133 166 143]
[133 166 142]
[134 166 143]
[135 166 143]
[135 167 143]
[135 167 143]
[136 167 143]
[136 167 143]
[136 168 143]
[137 168 143]
[137 168 143]
[137 169 143]
[137 169 143]
[138 170 143]
[138 170 143]
[138 170 143]
[138 170 143]
[138 171 142]
[139 171 143]
[139 171 142]
[139 172 142]
[139 173 142]
[139 173 142]
[140 174 143]
[140 174 142]
[140 174 142]
[139 175 142]
[137 178 139]
[45 59 46]
[100 127 108]
[132 164 142]
[132 164 142]
[134 165 143]
[134 165 143]
[135 165 143]
[135 165 143]
[135 165 142]
[136 166 142]
[136 166 142]
[136 167 143]
[136 166 142]
[137 167 143]
[138 168 144]
[137 168 143]
[137 168 143]
[138 169 143]
[138 169 142]
[138 169 142]
[138 170 143]
[139 170 143]
[139 171 143]
[139 171 142]
[140 172 143]
[140 172 143]
[139 172 142]
[139 173 142]
[141 174 142]
[140 173 141]
[141 174 142]
[140 174 142]
[140 175 141]
[127 165 128]
[10 12 11]
[123 153 132]
[133 164 142]
[133 163 142]
[134 164 143]
[135 164 143]
[135 165 143]
[135 164 142]
[136 164 142]
[136 165 143]
[137 165 143]
[137 165 142]
[137 166 143]
[137 167 143]
[137 167 143]
[138 168 143]
[138 168 143]
[137 167 142]
[138 168 143]
[139 169 143]
[138 169 142]
[139 169 142]
[139 170 142]
[139 170 142]
[139 171 142]
[140 171 142]
[139 171 141]
[139 171 141]
[140 173 142]
[140 173 142]
[140 173 141]
[140 173 142]
[141 174 142]
[141 175 141]
[139 176 140]
[50 64 50]
[47 58 51]
[78 96 83]
[133 163 142]
[133 163 142]
[134 163 143]
[135 163 143]
[135 163 142]
[135 163 143]
[136 163 143]
[136 163 142]
[137 165 143]
[137 165 143]
[137 165 143]
[137 165 143]
[138 166 143]
[138 166 143]
[138 167 143]
[138 167 143]
[138 167 143]
[139 167 143]
[139 168 143]
[139 168 142]
[139 169 142]
[139 169 142]
[140 170 142]
[140 170 142]
[140 171 142]
[140 171 142]
[139 171 141]
[140 172 142]
[141 172 141]
[141 173 142]
[141 173 141]
[141 173 141]
[141 174 141]
[140 174 140]
[141 175 140]
[138 178 138]
[121 150 130]
[133 161 142]
[134 162 142]
[134 161 142]
[135 162 143]
[135 162 143]
[136 162 142]
[136 163 143]
[135 163 143]
[137 163 143]
[137 163 143]
[137 164 143]
[137 164 142]
[137 164 142]
[138 165 142]
[138 165 142]
[138 165 142]
[139 166 143]
[139 166 142]
[140 167 142]
[139 167 142]
[139 167 142]
[140 168 142]
[140 169 142]
[140 169 141]
[140 169 142]
[140 170 142]
[141 170 141]
[140 171 141]
[141 171 142]
[141 172 141]
[141 172 141]
[142 172 141]
[141 173 141]
[141 173 141]
[141 174 140]
[141 174 140]
[141 175 140]
[139 177 139]
[6 8 6]
[ 97 115 104]
[124 146 132]
[133 157 142]
[134 158 143]
[135 158 143]
[135 158 142]
[135 159 143]
[135 159 142]
[135 160 143]
[135 160 142]
[135 161 142]
[136 161 142]
[135 161 142]
[136 162 142]
[137 162 143]
[138 163 143]
[137 162 142]
[137 163 142]
[138 164 143]
[138 163 142]
[138 164 142]
[139 165 142]
[139 165 142]
[139 165 142]
[138 165 141]
[139 166 141]
[139 166 141]
[139 166 141]
[140 168 142]
[140 167 142]
[140 168 142]
[140 169 141]
[141 169 142]
[140 169 141]
[140 170 141]
[140 170 140]
[141 171 141]
[141 171 141]
[141 171 141]
[142 172 141]
[141 173 141]
[142 173 140]
[142 174 140]
[142 174 140]
[141 174 140]
[140 177 138]
[11 13 10]
[29 33 31]
[125 147 134]
[133 156 142]
[134 156 142]
[134 156 143]
[135 157 144]
[135 157 143]
[136 157 143]
[135 157 143]
[136 158 143]
[136 158 143]
[137 158 143]
[136 158 142]
[137 159 142]
[136 160 142]
[137 161 142]
[137 162 142]
[137 162 142]
[136 162 142]
[137 161 142]
[138 162 143]
[138 163 142]
[139 163 143]
[139 163 142]
[139 164 142]
[139 164 142]
[139 165 142]
[139 165 142]
[139 166 142]
[140 166 142]
[139 166 142]
[140 167 142]
[141 168 141]
[140 167 141]
[140 168 141]
[140 168 141]
[140 169 141]
[141 170 141]
[140 169 140]
[141 170 141]
[141 171 141]
[141 171 140]
[141 171 140]
[142 172 140]
[142 172 140]
[141 173 140]
[141 173 139]
[142 174 140]
[141 174 139]
[140 177 138]
[11 15 11]
[53 61 57]
[71 82 77]
[133 154 142]
[134 154 143]
[134 154 142]
[135 154 143]
[135 155 143]
[135 155 142]
[136 155 143]
[136 156 143]
[137 156 143]
[137 157 143]
[137 157 143]
[137 158 143]
[137 158 143]
[137 158 143]
[137 158 142]
[137 160 143]
[137 160 142]
[138 161 142]
[137 161 141]
[138 162 142]
[138 162 142]
[138 162 142]
[138 162 142]
[139 163 142]
[139 163 142]
[140 164 142]
[139 164 142]
[140 164 142]
[140 165 142]
[140 165 141]
[140 165 141]
[140 166 141]
[140 166 141]
[141 167 141]
[141 168 141]
[141 168 141]
[141 169 141]
[141 169 141]
[141 170 141]
[141 170 140]
[141 170 141]
[141 171 140]
[142 171 141]
[142 172 140]
[142 172 140]
[142 172 139]
[142 173 139]
[142 173 139]
[142 175 140]
[142 174 139]
[142 175 139]
[139 178 136]
[ 92 107  99]
[104 120 112]
[133 152 143]
[134 152 143]
[135 153 143]
[135 153 143]
[135 153 143]
[135 153 143]
[135 153 143]
[136 154 143]
[136 155 143]
[136 155 143]
[137 155 143]
[137 156 143]
[137 156 143]
[138 157 143]
[138 157 143]
[138 157 143]
[138 158 143]
[138 158 143]
[137 159 143]
[138 159 142]
[138 160 142]
[138 161 142]
[138 160 141]
[138 161 142]
[139 162 142]
[139 162 141]
[138 162 141]
[138 162 141]
[139 163 141]
[140 164 142]
[140 164 141]
[140 164 141]
[141 165 142]
[141 166 142]
[141 166 141]
[140 166 141]
[141 167 140]
[141 167 140]
[141 167 140]
[141 168 140]
[141 169 140]
[142 170 140]
[141 169 140]
[141 170 140]
[142 170 140]
[141 171 139]
[142 171 139]
[142 172 140]
[142 172 140]
[142 173 139]
[142 173 139]
[142 174 138]
[142 174 138]
[142 174 138]
[38 48 36]
[5 6 5]
[ 9 11 10]
[132 150 143]
[132 150 142]
[133 150 142]
[134 151 143]
[135 152 143]
[135 151 143]
[135 151 144]
[136 152 144]
[135 152 143]
[137 153 144]
[136 153 143]
[137 154 144]
[137 154 143]
[138 154 143]
[138 155 143]
[137 154 142]
[138 155 142]
[138 156 143]
[138 156 143]
[138 156 142]
[138 157 143]
[139 157 143]
[138 158 142]
[139 159 142]
[139 159 142]
[139 160 142]
[138 160 142]
[138 160 141]
[139 161 142]
[139 161 142]
[139 162 141]
[139 162 141]
[140 163 141]
[139 163 141]
[140 164 141]
[141 164 141]
[141 164 141]
[141 164 141]
[141 165 140]
[141 165 140]
[141 166 140]
[141 166 140]
[141 167 141]
[141 167 140]
[141 168 140]
[141 168 140]
[141 169 139]
[142 169 139]
[142 169 139]
[142 170 139]
[142 170 139]
[142 171 139]
[142 172 139]
[142 172 139]
[143 173 139]
[142 173 138]
[143 174 139]
[142 174 138]
[142 174 137]
[21 27 21]
[47 53 51]
[133 149 143]
[133 149 143]
[133 148 142]
[134 149 142]
[135 149 143]
[135 149 143]
[135 149 143]
[135 149 143]
[136 150 143]
[136 151 144]
[136 151 143]
[136 152 143]
[137 151 142]
[137 153 143]
[137 153 143]
[137 153 143]
[138 154 143]
[138 154 143]
[138 155 143]
[138 155 143]
[138 154 142]
[138 156 142]
[139 157 143]
[138 156 142]
[138 156 142]
[139 158 142]
[139 158 142]
[139 158 142]
[139 159 142]
[139 159 141]
[139 160 141]
[139 161 142]
[140 161 142]
[140 162 141]
[140 162 140]
[140 163 140]
[140 163 140]
[140 163 141]
[140 163 140]
[141 164 141]
[141 165 140]
[141 165 140]
[141 165 140]
[141 166 140]
[141 167 140]
[141 167 140]
[141 167 140]
[141 168 140]
[142 168 140]
[142 169 139]
[142 169 139]
[142 170 139]
[142 170 139]
[142 171 139]
[142 171 139]
[143 172 139]
[143 172 138]
[143 173 139]
[142 173 137]
[142 173 138]
[143 174 137]
[143 175 138]
[142 175 137]
[66 74 72]
[86 95 92]
[132 146 142]
[133 147 143]
[134 147 143]
[134 147 143]
[134 147 143]
[135 147 143]
[135 148 144]
[135 148 143]
[135 148 143]
[136 149 144]
[137 149 144]
[137 150 143]
[137 150 143]
[137 150 143]
[137 150 143]
[138 152 143]
[138 153 142]
[137 153 143]
[138 152 143]
[138 153 143]
[139 154 143]
[139 154 143]
[139 154 143]
[139 154 142]
[139 155 142]
[139 156 142]
[140 157 142]
[139 157 142]
[139 157 141]
[140 158 142]
[140 158 142]
[140 158 141]
[140 159 141]
[140 160 141]
[140 160 141]
[139 161 141]
[140 162 141]
[141 162 141]
[140 162 140]
[140 162 140]
[140 163 140]
[140 163 140]
[141 164 140]
[141 164 140]
[142 165 140]
[141 165 140]
[141 166 140]
[141 167 139]
[142 167 140]
[142 167 139]
[141 167 139]
[142 168 139]
[142 168 138]
[142 169 138]
[141 169 138]
[142 170 138]
[142 171 138]
[142 171 138]
[143 172 138]
[143 172 138]
[143 172 138]
[142 173 137]
[142 173 137]
[143 174 137]
[143 175 137]
[143 175 136]
[0 1 1]
[128 140 138]
[133 144 142]
[134 145 143]
[135 145 143]
[135 146 143]
[135 146 143]
[135 146 143]
[135 146 143]
[136 147 144]
[137 148 144]
[136 148 143]
[137 148 143]
[137 148 143]
[137 149 143]
[137 149 143]
[137 149 143]
[138 150 143]
[138 150 142]
[138 151 142]
[139 152 143]
[139 152 143]
[138 152 142]
[139 153 142]
[139 154 143]
[139 153 142]
[139 153 142]
[139 154 141]
[140 155 142]
[139 155 141]
[140 156 142]
[140 157 142]
[140 157 141]
[140 157 141]
[140 157 141]
[140 158 140]
[140 159 141]
[140 159 141]
[141 161 141]
[140 161 141]
[140 161 140]
[140 162 140]
[140 162 140]
[141 163 140]
[141 163 140]
[141 163 139]
[141 164 140]
[142 164 140]
[142 165 140]
[142 165 140]
[141 165 139]
[142 166 139]
[142 167 139]
[142 166 139]
[142 168 139]
[142 168 138]
[142 168 138]
[142 169 138]
[142 170 138]
[142 169 137]
[142 170 138]
[142 170 137]
[143 172 138]
[142 171 137]
[142 172 137]
[143 173 137]
[143 174 137]
[142 174 136]
[142 174 136]
[143 176 136]
[29 31 31]
[132 143 143]
[134 143 143]
[134 143 143]
[134 143 143]
[135 144 143]
[135 145 144]
[135 145 143]
[136 145 144]
[136 146 144]
[136 146 143]
[136 146 143]
[137 147 144]
[137 147 143]
[137 147 143]
[138 148 143]
[137 148 142]
[138 148 143]
[138 149 142]
[138 149 142]
[138 150 143]
[139 150 143]
[139 151 142]
[139 151 142]
[139 151 142]
[139 152 142]
[139 152 142]
[140 154 143]
[140 153 142]
[140 153 142]
[140 154 142]
[140 155 142]
[140 155 141]
[140 156 141]
[140 156 141]
[140 157 141]
[141 157 141]
[141 158 141]
[141 158 141]
[141 159 141]
[141 159 141]
[140 160 140]
[140 160 140]
[140 161 140]
[141 162 140]
[141 162 140]
[141 163 140]
[141 163 140]
[141 163 140]
[142 163 140]
[142 164 139]
[142 164 139]
[142 165 140]
[142 166 139]
[142 166 139]
[142 166 138]
[142 166 138]
[142 167 138]
[142 169 138]
[142 168 137]
[142 169 137]
[143 169 137]
[143 170 137]
[142 170 137]
[143 171 137]
[143 172 137]
[143 172 137]
[142 172 136]
[143 173 136]
[143 174 136]
[143 174 136]
[143 175 136]
[142 175 135]
[67 71 72]
[66 70 71]
[134 142 143]
[135 141 143]
[135 142 144]
[135 142 143]
[135 143 144]
[135 143 143]
[136 143 143]
[137 144 144]
[137 144 144]
[137 145 144]
[137 144 143]
[137 145 143]
[137 146 143]
[137 146 143]
[137 146 143]
[138 147 143]
[139 147 143]
[138 148 143]
[139 148 143]
[138 149 143]
[138 149 143]
[139 149 143]
[139 149 143]
[139 150 142]
[139 151 142]
[140 152 142]
[140 152 142]
[139 152 141]
[140 153 142]
[140 153 142]
[140 154 142]
[140 154 142]
[140 154 142]
[141 155 141]
[140 155 141]
[141 156 142]
[141 156 141]
[141 157 141]
[141 157 141]
[141 157 141]
[141 158 141]
[141 159 140]
[141 160 140]
[141 160 140]
[141 161 140]
[141 162 140]
[142 162 140]
[141 163 139]
[142 163 139]
[142 163 139]
[142 164 139]
[142 164 139]
[142 164 139]
[142 165 139]
[142 165 139]
[142 166 139]
[142 166 138]
[142 167 138]
[142 167 138]
[143 168 138]
[143 169 138]
[143 169 137]
[142 169 137]
[143 170 137]
[143 171 137]
[143 171 136]
[143 171 137]
[143 172 136]
[142 173 136]
[143 174 136]
[142 173 135]
[143 174 135]
[143 175 135]
[5 6 5]
[104 110 112]
[104 109 112]
[134 139 143]
[134 139 143]
[134 140 143]
[136 141 144]
[135 140 143]
[136 141 144]
[136 141 143]
[136 142 144]
[137 142 144]
[136 142 143]
[137 143 143]
[136 143 143]
[137 143 142]
[138 144 143]
[138 144 142]
[138 145 143]
[138 145 142]
[138 145 142]
[138 146 142]
[139 146 143]
[139 147 143]
[140 148 143]
[139 148 143]
[140 149 143]
[139 148 142]
[140 150 143]
[140 150 142]
[139 150 142]
[139 151 142]
[139 152 142]
[140 152 142]
[141 153 142]
[140 153 142]
[140 154 142]
[140 153 141]
[140 154 141]
[140 155 141]
[141 155 142]
[141 155 141]
[141 156 140]
[142 157 141]
[142 158 141]
[141 157 140]
[141 158 140]
[141 158 140]
[141 159 139]
[141 160 139]
[141 160 139]
[141 161 139]
[141 162 139]
[141 162 139]
[142 163 139]
[142 164 139]
[142 163 138]
[142 164 138]
[142 164 138]
[142 165 138]
[142 165 138]
[142 166 138]
[142 166 137]
[142 166 137]
[143 168 138]
[143 168 137]
[143 169 136]
[143 169 136]
[143 170 136]
[142 170 136]
[143 171 136]
[143 171 136]
[143 171 136]
[143 172 135]
[143 173 135]
[143 174 135]
[143 174 135]
[143 174 134]
[70 86 66]
[ 9 10 10]
[104 111 113]
[133 137 142]
[134 138 143]
[134 137 142]
[134 138 143]
[135 138 143]
[135 138 144]
[136 139 144]
[136 139 143]
[135 139 143]
[136 140 143]
[137 141 144]
[136 141 143]
[137 142 144]
[137 142 143]
[137 142 143]
[137 143 143]
[138 143 143]
[139 144 143]
[139 145 143]
[139 145 143]
[139 145 143]
[138 145 143]
[139 146 142]
[139 146 143]
[140 147 143]
[139 147 142]
[139 147 142]
[140 148 143]
[140 149 142]
[140 149 142]
[140 149 142]
[140 150 142]
[140 151 142]
[140 151 141]
[140 152 142]
[140 152 141]
[141 153 142]
[141 153 141]
[141 153 141]
[141 154 141]
[141 154 141]
[141 155 140]
[141 155 140]
[141 155 140]
[142 157 140]
[141 156 140]
[141 157 140]
[141 157 139]
[142 158 140]
[142 159 140]
[142 160 139]
[142 161 139]
[142 161 139]
[141 162 138]
[142 163 139]
[142 163 139]
[141 163 138]
[142 163 138]
[142 164 138]
[142 164 138]
[142 165 138]
[142 165 137]
[143 166 137]
[142 166 137]
[142 166 136]
[142 167 136]
[143 168 137]
[143 168 136]
[142 168 135]
[143 170 136]
[142 170 135]
[143 171 136]
[142 171 135]
[142 171 135]
[142 172 134]
[143 173 134]
[143 173 134]
[142 173 133]
[142 174 133]
[47 58 44]
[17 17 18]
[47 48 51]
[132 135 142]
[133 136 143]
[134 136 143]
[134 136 143]
[134 136 143]
[135 137 144]
[135 137 143]
[136 138 143]
[136 138 144]
[136 138 143]
[136 138 143]
[137 139 143]
[137 139 144]
[137 139 143]
[137 140 143]
[137 140 143]
[138 141 143]
[137 141 143]
[138 142 143]
[138 142 143]
[138 143 143]
[139 143 143]
[139 144 143]
[139 144 142]
[139 145 143]
[139 145 142]
[139 145 142]
[139 146 142]
[140 147 142]
[140 147 142]
[140 147 142]
[139 147 141]
[140 149 142]
[140 149 142]
[141 149 142]
[141 150 142]
[140 150 141]
[140 151 141]
[141 152 141]
[141 152 141]
[141 152 141]
[141 153 141]
[141 153 140]
[141 153 140]
[141 154 140]
[142 155 140]
[142 155 140]
[142 156 140]
[141 156 139]
[142 156 140]
[142 157 140]
[142 157 139]
[142 158 139]
[141 159 139]
[142 160 139]
[142 160 138]
[142 161 138]
[142 162 137]
[141 162 138]
[142 163 138]
[142 163 138]
[142 163 137]
[142 164 137]
[143 165 137]
[142 164 136]
[142 165 137]
[142 166 137]
[143 166 137]
[142 166 136]
[143 167 136]
[143 168 136]
[143 169 136]
[143 169 135]
[143 170 136]
[142 170 135]
[143 171 134]
[143 171 134]
[143 172 135]
[143 173 134]
[143 173 133]
[143 173 133]
[143 174 133]
[124 152 116]
[88 89 95]
[133 134 143]
[133 134 143]
[134 134 142]
[135 134 143]
[135 135 143]
[135 135 143]
[135 135 143]
[135 136 143]
[136 137 144]
[137 137 144]
[137 137 144]
[137 137 144]
[137 137 143]
[137 138 143]
[137 138 143]
[137 139 143]
[138 140 142]
[138 140 143]
[138 140 142]
[138 141 142]
[139 141 143]
[139 142 143]
[139 142 143]
[139 143 143]
[139 143 142]
[139 143 142]
[140 144 142]
[140 145 143]
[140 145 142]
[140 145 142]
[140 146 142]
[140 146 142]
[140 147 142]
[140 148 142]
[140 148 141]
[140 148 141]
[141 149 141]
[141 149 141]
[141 149 141]
[141 151 141]
[141 151 141]
[141 151 140]
[141 152 140]
[141 153 140]
[142 153 140]
[142 154 140]
[142 154 140]
[141 154 139]
[142 155 139]
[142 156 140]
[142 156 139]
[142 156 139]
[142 157 139]
[142 158 139]
[142 158 139]
[142 159 139]
[142 160 138]
[141 160 137]
[142 161 137]
[142 161 137]
[142 162 137]
[142 162 137]
[141 162 137]
[141 163 137]
[142 163 136]
[142 164 136]
[143 165 137]
[143 166 137]
[143 166 136]
[142 167 136]
[142 167 135]
[143 168 135]
[143 168 135]
[142 168 134]
[143 169 134]
[143 170 135]
[142 170 134]
[142 171 134]
[143 172 134]
[143 173 134]
[142 173 132]
[142 173 132]
[142 174 132]
[51 62 47]
[26 26 28]
[124 123 132]
[134 132 143]
[134 132 142]
[135 133 144]
[135 133 144]
[135 134 144]
[136 133 143]
[136 134 143]
[137 135 144]
[137 135 143]
[137 136 144]
[137 136 143]
[137 136 143]
[137 137 143]
[138 137 143]
[138 137 143]
[139 138 143]
[139 139 143]
[139 139 143]
[138 139 142]
[139 140 143]
[139 140 142]
[139 140 142]
[139 141 143]
[139 141 143]
[139 142 142]
[140 142 142]
[140 143 142]
[140 144 142]
[140 144 141]
[140 144 141]
[140 145 142]
[140 146 142]
[141 146 142]
[140 146 142]
[140 146 141]
[141 148 142]
[140 148 141]
[142 149 142]
[141 149 141]
[141 149 141]
[142 150 141]
[141 150 141]
[142 151 140]
[141 151 140]
[142 152 140]
[142 153 139]
[142 153 140]
[143 154 140]
[142 154 139]
[142 155 140]
[143 155 140]
[142 155 139]
[142 156 139]
[142 156 139]
[142 157 139]
[142 158 139]
[142 158 138]
[142 159 138]
[142 159 138]
[142 160 137]
[142 161 137]
[142 161 137]
[142 162 137]
[142 163 137]
[142 163 137]
[142 163 136]
[142 163 136]
[142 164 136]
[143 165 136]
[143 165 136]
[142 166 135]
[142 166 135]
[143 168 135]
[142 167 134]
[143 169 135]
[142 168 133]
[142 169 133]
[143 171 134]
[142 171 133]
[142 171 134]
[142 173 133]
[142 173 132]
[141 173 131]
[142 174 131]
[38 46 35]
[23 23 25]
[109 107 118]
[133 130 143]
[133 130 142]
[134 130 143]
[134 130 143]
[135 131 144]
[135 131 144]
[136 133 144]
[136 133 144]
[136 132 144]
[136 133 144]
[136 133 143]
[137 134 144]
[137 134 144]
[137 134 143]
[137 135 144]
[138 136 143]
[138 136 143]
[138 136 143]
[139 137 143]
[138 137 143]
[138 137 142]
[139 137 143]
[139 138 143]
[140 139 143]
[140 140 143]
[140 140 143]
[140 141 143]
[139 141 142]
[140 141 143]
[140 142 142]
[140 142 141]
[140 143 142]
[140 144 142]
[141 144 142]
[141 144 142]
[140 144 142]
[140 145 142]
[141 145 142]
[141 146 142]
[140 147 141]
[141 148 141]
[141 148 141]
[141 148 141]
[255   0   0]
[141 149 140]
[142 150 140]
[142 150 140]
[142 151 141]
[142 151 140]
[142 152 140]
[142 152 140]
[142 152 139]
[142 153 139]
[142 154 139]
[142 155 139]
[142 155 138]
[142 155 139]
[142 156 139]
[142 156 138]
[143 157 139]
[143 157 138]
[142 158 138]
[143 159 138]
[142 159 137]
[142 160 137]
[142 161 137]
[142 161 136]
[142 162 136]
[142 163 136]
[142 163 136]
[142 164 135]
[142 163 135]
[142 164 135]
[142 164 135]
[142 165 135]
[142 167 135]
[143 167 135]
[142 167 134]
[142 168 134]
[142 169 133]
[142 170 134]
[142 171 134]
[142 171 133]
[142 171 132]
[142 172 132]
[142 173 132]
[141 174 131]
[111 137 103]
[66 64 72]
[133 128 142]
[133 129 143]
[134 129 143]
[134 129 143]
[135 129 143]
[135 130 144]
[136 130 144]
[136 131 144]
[136 131 144]
[137 131 143]
[137 132 144]
[137 132 143]
[138 132 144]
[138 133 144]
[138 133 143]
[138 134 143]
[138 134 143]
[138 135 143]
[139 135 143]
[139 135 143]
[139 136 142]
[139 137 143]
[139 137 143]
[139 137 142]
[139 137 143]
[139 138 142]
[140 138 143]
[140 139 142]
[140 140 143]
[140 140 143]
[140 141 142]
[140 141 142]
[140 141 142]
[140 142 142]
[140 143 142]
[140 143 141]
[141 144 142]
[141 144 142]
[141 144 142]
[141 145 141]
[141 145 141]
[141 146 141]
[141 147 141]
[142 148 141]
[141 148 141]
[141 148 141]
[141 148 140]
[142 149 140]
[142 149 140]
[142 150 140]
[142 150 139]
[142 151 140]
[141 151 139]
[142 152 140]
[142 153 139]
[143 153 139]
[142 154 139]
[142 154 139]
[142 155 139]
[142 155 138]
[143 156 139]
[143 157 139]
[143 157 138]
[143 158 138]
[143 158 137]
[143 159 137]
[143 159 137]
[142 160 137]
[142 161 136]
[142 161 136]
[142 162 135]
[142 162 135]
[142 163 135]
[142 164 135]
[142 164 135]
[142 164 134]
[142 165 134]
[142 166 134]
[142 167 135]
[141 166 133]
[142 167 133]
[142 168 133]
[142 169 133]
[141 169 132]
[142 170 132]
[141 171 132]
[141 172 131]
[116 142 107]
[70 87 65]
[104  99 112]
[122 116 132]
[133 126 143]
[134 126 143]
[135 127 144]
[135 127 144]
[135 128 144]
[135 128 143]
[136 128 144]
[136 129 144]
[137 129 144]
[137 129 143]
[137 130 143]
[137 130 144]
[138 131 144]
[138 132 143]
[138 132 144]
[138 132 143]
[138 133 143]
[139 133 143]
[139 134 143]
[138 134 143]
[139 135 143]
[139 135 143]
[139 136 143]
[139 136 142]
[139 136 143]
[140 137 143]
[140 137 143]
[140 138 142]
[141 139 142]
[141 139 142]
[140 139 142]
[141 140 143]
[140 140 142]
[140 140 142]
[140 141 142]
[141 142 141]
[141 142 141]
[141 142 141]
[141 143 141]
[141 144 141]
[141 144 141]
[142 145 141]
[141 145 141]
[142 145 140]
[141 146 140]
[142 147 141]
[142 148 141]
[142 149 141]
[142 148 140]
[142 149 140]
[142 149 140]
[142 150 139]
[142 150 139]
[143 151 140]
[143 152 140]
[142 152 138]
[142 152 138]
[143 153 138]
[143 153 138]
[143 155 139]
[142 154 138]
[142 155 137]
[142 155 137]
[143 156 138]
[143 157 138]
[143 157 137]
[143 158 137]
[142 158 136]
[142 159 136]
[142 160 137]
[142 161 136]
[142 161 135]
[142 162 135]
[142 162 134]
[142 163 134]
[142 164 135]
[142 164 134]
[141 164 133]
[142 166 134]
[142 166 133]
[142 167 133]
[142 167 133]
[142 168 133]
[141 168 132]
[141 169 131]
[141 171 132]
[140 171 130]
[30 37 28]
[2 2 2]
[10  9 10]
[134 125 143]
[133 124 142]
[135 125 143]
[135 125 143]
[135 126 144]
[135 126 143]
[135 126 144]
[135 126 143]
[136 128 144]
[136 127 143]
[137 128 143]
[137 129 144]
[138 129 144]
[138 129 144]
[137 130 143]
[138 130 143]
[137 130 142]
[138 131 143]
[138 131 143]
[138 131 142]
[139 132 143]
[139 133 143]
[138 133 142]
[139 134 143]
[140 135 143]
[139 134 143]
[140 135 143]
[139 135 142]
[140 136 143]
[140 136 142]
[141 137 143]
[140 138 142]
[140 138 142]
[141 139 142]
[140 139 141]
[140 139 142]
[141 140 142]
[141 140 142]
[141 141 142]
[141 142 141]
[141 142 141]
[141 143 141]
[142 143 141]
[141 143 140]
[141 144 140]
[142 145 140]
[141 145 140]
[142 146 140]
[142 146 141]
[142 147 140]
[142 147 140]
[142 148 140]
[142 148 140]
[143 149 140]
[142 149 139]
[142 149 139]
[143 151 140]
[143 151 139]
[142 151 139]
[142 151 138]
[142 152 138]
[143 153 138]
[143 154 139]
[144 154 139]
[143 154 138]
[142 155 137]
[142 156 137]
[142 155 136]
[143 157 137]
[142 157 136]
[143 158 136]
[142 158 135]
[142 160 135]
[142 161 136]
[142 161 135]
[142 162 135]
[142 162 134]
[142 163 133]
[142 163 134]
[142 164 134]
[142 164 134]
[141 164 133]
[142 165 133]
[141 166 132]
[141 167 132]
[141 167 131]
[137 164 127]
[130 158 121]
[10 12  9]
[17 16 19]
[47 44 51]
[133 123 143]
[133 123 142]
[134 123 143]
[134 123 143]
[135 123 144]
[135 124 143]
[136 124 143]
[136 125 144]
[136 125 143]
[136 125 143]
[137 126 144]
[137 126 144]
[137 127 144]
[137 127 143]
[137 128 143]
[137 128 143]
[138 128 143]
[138 129 143]
[138 130 143]
[138 130 142]
[138 130 142]
[139 130 142]
[139 132 143]
[139 132 143]
[139 132 142]
[139 133 142]
[139 133 142]
[139 134 142]
[140 134 142]
[140 135 142]
[140 135 142]
[140 136 142]
[141 136 142]
[140 137 142]
[140 138 142]
[140 138 141]
[140 139 142]
[141 139 142]
[141 139 141]
[141 140 141]
[141 140 141]
[141 141 141]
[141 142 140]
[255   0   0]
[141 143 141]
[141 143 140]
[142 143 140]
[142 144 141]
[142 144 140]
[142 145 140]
[142 146 140]
[142 146 140]
[142 147 140]
[142 147 139]
[142 148 139]
[142 148 139]
[143 149 140]
[143 149 139]
[142 149 138]
[143 150 138]
[143 151 139]
[143 151 139]
[143 152 138]
[142 151 137]
[143 153 137]
[143 153 138]
[143 154 138]
[142 154 137]
[142 155 136]
[143 156 137]
[143 156 137]
[143 157 136]
[142 157 135]
[143 158 135]
[143 159 136]
[142 160 135]
[142 161 134]
[142 161 133]
[142 161 133]
[142 163 133]
[141 163 133]
[141 163 133]
[142 164 133]
[141 165 133]
[141 165 132]
[141 166 131]
[141 167 131]
[ 91 108  84]
[86 77 92]
[89 80 95]
[133 120 143]
[134 121 143]
[134 121 144]
[134 121 143]
[135 122 144]
[135 123 144]
[137 123 144]
[136 124 143]
[136 124 143]
[137 125 144]
[137 125 144]
[137 125 143]
[137 125 143]
[137 126 144]
[138 126 143]
[138 127 144]
[138 127 143]
[137 127 143]
[139 129 143]
[138 129 143]
[139 129 142]
[139 130 143]
[139 130 143]
[140 131 143]
[139 131 143]
[139 132 143]
[140 132 143]
[140 133 142]
[140 133 143]
[140 134 143]
[140 134 142]
[140 134 142]
[140 135 142]
[141 135 142]
[141 136 142]
[140 136 141]
[140 137 141]
[141 138 142]
[141 138 141]
[142 139 142]
[141 139 141]
[141 139 141]
[142 140 141]
[142 140 141]
[141 141 140]
[141 141 140]
[142 142 140]
[142 143 140]
[142 144 140]
[142 143 140]
[142 143 139]
[142 144 140]
[142 145 140]
[142 146 140]
[142 146 139]
[143 147 139]
[143 147 139]
[143 148 139]
[143 148 138]
[143 149 138]
[142 149 138]
[143 150 138]
[142 150 138]
[142 151 137]
[142 151 137]
[142 153 137]
[143 153 137]
[143 153 137]
[143 154 137]
[142 154 137]
[143 155 136]
[143 155 136]
[143 156 136]
[143 157 136]
[143 158 135]
[142 158 134]
[142 159 134]
[142 161 134]
[141 161 133]
[141 161 133]
[141 163 132]
[140 163 132]
[140 164 132]
[140 164 131]
[141 165 131]
[141 166 131]
[50 59 47]
[123 110 133]
[133 119 143]
[134 119 143]
[135 120 144]
[135 120 144]
[135 119 143]
[135 120 143]
[136 121 143]
[136 121 143]
[136 121 144]
[137 122 143]
[136 122 143]
[137 123 143]
[138 124 144]
[138 124 144]
[138 125 144]
[137 124 143]
[138 125 144]
[139 126 144]
[138 126 143]
[139 127 143]
[138 127 143]
[139 128 143]
[139 128 143]
[139 128 142]
[139 129 143]
[139 129 142]
[139 130 143]
[139 129 142]
[140 131 143]
[140 132 142]
[140 131 142]
[140 132 142]
[140 132 142]
[140 133 142]
[141 134 142]
[141 135 142]
[141 135 142]
[141 135 141]
[141 136 142]
[140 135 141]
[141 137 141]
[141 137 141]
[141 138 141]
[141 138 141]
[142 139 141]
[142 140 141]
[141 139 140]
[142 141 141]
[142 141 141]
[142 142 140]
[141 142 139]
[141 142 139]
[143 144 140]
[142 143 139]
[142 144 139]
[142 144 139]
[143 145 140]
[143 145 140]
[143 146 139]
[143 147 139]
[142 147 139]
[142 147 138]
[143 149 138]
[143 149 138]
[142 149 137]
[143 150 137]
[143 151 138]
[143 151 137]
[142 152 137]
[142 152 136]
[143 153 136]
[142 153 136]
[143 154 137]
[143 155 136]
[142 155 135]
[143 156 135]
[143 157 135]
[142 156 134]
[143 157 134]
[143 159 135]
[142 159 133]
[141 161 133]
[140 161 132]
[140 163 131]
[139 162 130]
[140 164 130]
[39 45 36]
[10 12  9]
[7 8 6]
[29 26 31]
[133 117 143]
[133 117 142]
[135 118 143]
[134 117 143]
[135 118 144]
[136 119 144]
[136 119 144]
[136 120 143]
[136 120 144]
[136 120 143]
[136 121 143]
[137 121 143]
[138 122 144]
[137 122 143]
[137 123 143]
[138 123 143]
[139 124 144]
[137 123 142]
[138 124 143]
[138 125 143]
[138 125 142]
[139 126 143]
[139 126 143]
[139 126 142]
[139 127 142]
[140 127 142]
[139 127 142]
[139 128 142]
[140 128 143]
[140 129 142]
[140 130 143]
[140 130 143]
[140 131 142]
[140 131 142]
[140 131 142]
[141 132 142]
[141 133 142]
[140 133 141]
[141 134 142]
[141 134 141]
[141 135 141]
[141 136 142]
[141 136 141]
[142 137 141]
[142 138 141]
[142 138 141]
[142 138 141]
[142 139 140]
[142 139 140]
[142 139 140]
[142 140 140]
[141 140 139]
[142 141 139]
[142 142 139]
[143 143 139]
[142 142 139]
[143 144 139]
[143 143 139]
[143 144 139]
[143 145 139]
[143 146 139]
[143 147 139]
[142 147 138]
[143 147 138]
[143 147 138]
[143 148 138]
[143 149 138]
[143 150 137]
[143 150 137]
[143 151 137]
[143 151 136]
[143 152 136]
[143 153 137]
[143 153 136]
[142 153 135]
[143 154 135]
[142 154 135]
[142 155 135]
[143 156 135]
[142 157 134]
[143 157 134]
[142 157 133]
[142 158 133]
[140 160 132]
[129 149 121]
[40 46 37]
[81 70 87]
[134 115 143]
[134 116 143]
[134 116 143]
[135 116 144]
[135 117 144]
[136 117 144]
[136 117 144]
[136 118 144]
[136 118 144]
[137 119 144]
[137 119 144]
[137 120 144]
[137 120 144]
[137 121 143]
[138 121 144]
[138 122 144]
[138 121 143]
[138 122 143]
[138 122 143]
[138 123 143]
[139 124 143]
[139 124 143]
[139 124 143]
[139 125 143]
[139 126 143]
[140 126 143]
[139 126 142]
[140 127 143]
[140 128 143]
[140 127 142]
[140 128 143]
[140 128 143]
[140 129 142]
[140 129 142]
[141 130 142]
[141 131 143]
[141 131 142]
[141 132 142]
[141 132 142]
[141 133 141]
[141 133 141]
[141 134 141]
[142 134 141]
[141 135 141]
[142 135 141]
[142 136 140]
[142 137 141]
[142 137 140]
[142 138 141]
[142 138 141]
[142 138 140]
[255   0   0]
[142 139 140]
[143 140 140]
[143 140 140]
[255   0   0]
[143 142 139]
[143 143 139]
[143 143 139]
[143 143 139]
[143 144 139]
[143 144 138]
[143 145 138]
[143 146 138]
[143 146 138]
[143 147 138]
[143 147 138]
[255   0   0]
[143 149 138]
[143 149 137]
[143 150 137]
[143 150 137]
[143 151 136]
[143 151 136]
[143 152 136]
[143 152 135]
[143 153 135]
[142 153 135]
[143 154 135]
[143 155 134]
[143 155 134]
[142 156 134]
[143 157 134]
[142 157 133]
[142 158 133]
[71 81 66]
[7 6 8]
[104  89 112]
[123 104 132]
[134 114 143]
[135 114 144]
[135 114 143]
[136 115 144]
[135 115 143]
[136 116 144]
[136 116 144]
[137 116 144]
[137 117 143]
[137 117 144]
[137 118 144]
[137 117 143]
[138 118 143]
[138 119 143]
[138 119 143]
[138 120 143]
[138 120 143]
[139 121 143]
[139 121 143]
[139 121 143]
[139 122 143]
[139 122 143]
[140 123 143]
[139 123 142]
[140 124 143]
[140 124 143]
[140 125 143]
[140 125 143]
[140 126 143]
[140 126 142]
[140 127 142]
[140 127 142]
[141 128 142]
[140 128 142]
[140 129 142]
[141 130 142]
[141 130 142]
[141 130 141]
[141 131 142]
[141 131 141]
[141 132 141]
[141 132 141]
[142 133 141]
[141 133 140]
[141 133 140]
[142 134 140]
[142 135 140]
[142 136 141]
[142 137 140]
[142 137 140]
[143 138 140]
[142 138 140]
[142 138 140]
[142 138 139]
[142 139 139]
[143 140 140]
[143 140 140]
[143 141 139]
[143 142 139]
[143 142 139]
[143 143 138]
[143 143 138]
[144 144 139]
[143 144 138]
[143 145 138]
[142 145 137]
[143 146 137]
[142 146 136]
[143 147 137]
[142 148 136]
[143 149 137]
[143 149 137]
[143 149 136]
[143 150 136]
[143 151 136]
[143 152 136]
[142 152 135]
[142 152 134]
[143 153 135]
[143 153 134]
[142 154 134]
[143 155 134]
[142 156 133]
[143 157 134]
[142 157 132]
[142 158 132]
[16 18 15]
[10  8 11]
[114  94 123]
[134 112 143]
[134 111 143]
[135 112 143]
[135 112 143]
[136 114 144]
[136 113 144]
[136 113 143]
[136 114 143]
[136 114 143]
[136 115 143]
[137 115 143]
[138 116 144]
[137 116 144]
[138 117 144]
[138 117 144]
[138 117 144]
[139 118 144]
[139 118 144]
[139 119 144]
[139 119 143]
[139 120 143]
[139 121 143]
[139 120 142]
[139 121 142]
[139 121 142]
[139 121 142]
[140 122 143]
[140 123 143]
[140 124 143]
[139 124 142]
[139 124 142]
[141 126 143]
[140 126 142]
[140 126 142]
[140 126 142]
[140 127 142]
[141 128 142]
[141 128 142]
[142 129 142]
[141 130 142]
[142 130 142]
[141 130 141]
[141 131 140]
[142 132 142]
[142 132 141]
[141 132 140]
[142 133 141]
[142 133 140]
[142 134 140]
[142 134 140]
[143 135 140]
[142 135 140]
[142 136 140]
[142 136 139]
[142 137 139]
[143 138 140]
[142 138 139]
[143 139 139]
[143 139 139]
[143 139 139]
[143 140 139]
[143 141 139]
[143 142 139]
[143 142 139]
[143 143 138]
[143 142 138]
[143 142 138]
[143 145 138]
[142 144 137]
[142 145 137]
[143 146 137]
[143 147 137]
[143 147 137]
[143 148 136]
[143 149 136]
[143 149 136]
[143 149 136]
[142 150 134]
[143 151 135]
[142 151 134]
[143 152 134]
[143 153 135]
[143 154 134]
[142 153 133]
[143 155 133]
[143 156 134]
[142 157 133]
[142 157 133]
[132 147 122]
[4 3 4]
[48 39 51]
[103  84 110]
[133 109 143]
[134 109 143]
[135 110 143]
[135 111 144]
[135 111 143]
[136 111 143]
[136 112 144]
[136 112 144]
[136 113 143]
[137 113 143]
[137 114 144]
[137 114 144]
[137 114 144]
[137 115 143]
[138 116 144]
[138 116 144]
[138 116 143]
[138 117 143]
[139 117 144]
[138 117 143]
[139 118 143]
[139 118 142]
[139 119 143]
[139 119 143]
[140 120 143]
[140 121 142]
[139 121 142]
[140 121 142]
[140 122 143]
[140 122 142]
[140 123 142]
[140 124 143]
[141 124 142]
[141 124 142]
[141 125 142]
[141 126 142]
[141 126 142]
[141 126 142]
[141 127 142]
[142 128 142]
[142 129 142]
[141 129 141]
[141 129 141]
[142 130 141]
[142 131 141]
[142 131 141]
[142 132 141]
[141 131 140]
[142 132 140]
[142 133 140]
[142 133 140]
[142 134 140]
[142 134 140]
[142 134 140]
[143 135 140]
[142 135 139]
[143 136 140]
[143 137 139]
[143 137 139]
[142 137 139]
[142 138 138]
[143 139 139]
[143 140 139]
[143 140 138]
[142 140 138]
[143 142 139]
[143 142 138]
[143 142 138]
[143 142 137]
[143 143 137]
[143 144 137]
[142 144 136]
[143 145 136]
[143 146 137]
[142 146 137]
[143 147 136]
[143 147 136]
[144 149 135]
[143 149 135]
[142 149 135]
[142 150 135]
[143 151 134]
[143 152 134]
[142 152 134]
[142 153 133]
[142 153 133]
[142 154 133]
[142 155 133]
[142 156 132]
[123 137 115]
[33 37 30]
[86 68 92]
[133 108 143]
[133 107 143]
[134 108 143]
[134 108 143]
[135 109 144]
[136 109 144]
[136 109 143]
[136 109 143]
[136 110 143]
[136 111 143]
[136 111 143]
[136 111 143]
[137 113 143]
[138 113 144]
[137 113 143]
[138 114 144]
[138 114 143]
[138 114 143]
[138 115 143]
[139 116 143]
[138 116 143]
[139 117 143]
[139 117 143]
[139 117 143]
[139 118 142]
[140 118 143]
[140 118 143]
[140 119 143]
[140 119 143]
[140 120 142]
[140 120 143]
[140 121 143]
[140 121 142]
[141 122 142]
[141 123 142]
[141 123 142]
[141 124 142]
[141 124 142]
[141 124 141]
[140 125 141]
[141 126 141]
[141 126 141]
[141 127 141]
[142 127 142]
[142 128 141]
[142 128 141]
[142 130 142]
[142 130 140]
[142 130 140]
[142 130 141]
[142 131 141]
[142 131 141]
[142 132 140]
[142 132 140]
[142 133 140]
[142 133 140]
[255   0   0]
[142 134 139]
[143 135 140]
[142 135 139]
[142 136 139]
[143 137 139]
[143 137 139]
[143 137 139]
[255   0   0]
[143 139 138]
[143 140 138]
[143 140 138]
[255   0   0]
[143 141 138]
[143 142 137]
[143 142 137]
[143 143 137]
[143 143 136]
[143 145 137]
[143 145 136]
[255   0   0]
[143 146 136]
[143 146 136]
[143 147 136]
[143 147 135]
[143 148 135]
[143 149 134]
[143 149 134]
[143 150 133]
[143 152 134]
[142 152 133]
[142 153 133]
[142 153 132]
[142 154 132]
[141 154 132]
[70 78 65]
[80 64 86]
[124  98 133]
[134 106 143]
[134 106 143]
[134 106 143]
[135 107 144]
[135 107 143]
[135 108 144]
[136 108 143]
[136 109 144]
[136 109 143]
[136 109 143]
[137 109 143]
[137 110 143]
[138 111 144]
[138 111 143]
[137 111 143]
[138 112 143]
[139 113 144]
[139 114 144]
[138 113 143]
[139 114 143]
[139 115 143]
[139 115 143]
[138 116 142]
[139 116 143]
[139 116 143]
[139 116 142]
[140 118 143]
[141 119 143]
[140 119 142]
[140 119 142]
[141 119 142]
[141 120 143]
[141 120 142]
[140 121 142]
[140 121 141]
[141 122 142]
[141 122 142]
[142 123 142]
[141 123 142]
[141 123 141]
[141 124 141]
[141 125 141]
[141 126 141]
[141 126 141]
[142 126 141]
[142 127 142]
[142 127 141]
[142 128 141]
[142 129 141]
[142 129 140]
[142 130 140]
[142 130 140]
[142 130 140]
[142 131 140]
[142 132 140]
[143 132 140]
[143 132 140]
[142 133 139]
[142 133 138]
[143 135 139]
[143 136 139]
[143 136 139]
[143 137 139]
[144 137 139]
[143 137 138]
[143 138 139]
[143 138 138]
[142 139 138]
[143 139 138]
[144 141 138]
[143 140 137]
[143 141 137]
[143 142 137]
[143 142 137]
[143 143 136]
[143 144 136]
[144 145 137]
[143 145 136]
[143 146 136]
[142 145 135]
[143 147 136]
[142 147 135]
[143 148 134]
[143 149 135]
[142 149 134]
[143 150 133]
[141 151 132]
[141 151 132]
[141 152 132]
[142 153 132]
[142 154 132]
[10 12  9]
[5 6 5]
[29 22 31]
[110  86 118]
[133 104 143]
[133 104 143]
[134 105 143]
[134 105 143]
[135 105 143]
[135 105 143]
[135 106 143]
[136 107 143]
[136 107 143]
[137 107 144]
[137 108 144]
[137 108 144]
[137 108 143]
[137 109 143]
[138 110 144]
[138 110 144]
[138 110 143]
[139 111 144]
[138 111 143]
[139 112 144]
[139 113 143]
[139 113 143]
[139 113 143]
[139 114 143]
[139 114 143]
[139 115 143]
[140 116 143]
[140 116 143]
[139 115 142]
[140 116 142]
[140 117 143]
[141 118 143]
[140 118 142]
[140 118 142]
[141 119 142]
[141 120 142]
[142 120 142]
[141 120 141]
[141 121 142]
[141 121 141]
[141 122 142]
[141 123 142]
[141 123 141]
[141 124 141]
[141 124 141]
[142 126 142]
[142 125 141]
[142 126 141]
[142 126 140]
[142 127 141]
[143 127 140]
[142 128 140]
[143 129 141]
[143 129 140]
[143 130 141]
[142 130 139]
[143 131 141]
[143 132 140]
[143 132 140]
[142 132 139]
[143 133 139]
[143 133 139]
[143 134 139]
[143 135 139]
[143 135 139]
[142 136 138]
[143 136 138]
[143 136 138]
[144 137 138]
[143 137 138]
[143 138 137]
[143 139 137]
[143 139 137]
[144 140 137]
[143 140 137]
[143 141 136]
[143 142 137]
[143 142 136]
[143 143 136]
[143 144 136]
[143 144 136]
[143 145 136]
[143 145 135]
[143 146 135]
[143 147 135]
[143 147 135]
[143 148 134]
[143 148 134]
[142 149 133]
[142 150 132]
[141 152 131]
[142 153 132]
[111 120 103]
[67 52 72]
[134 102 143]
[134 102 144]
[134 103 143]
[134 103 143]
[136 104 144]
[136 104 144]
[136 104 144]
[136 104 143]
[136 105 144]
[137 105 144]
[137 106 144]
[137 106 144]
[138 107 144]
[138 107 143]
[138 108 144]
[138 108 143]
[139 109 144]
[139 109 144]
[139 110 144]
[139 110 144]
[139 111 144]
[139 111 143]
[139 112 143]
[139 112 143]
[140 113 143]
[140 113 143]
[140 113 143]
[140 114 143]
[140 114 143]
[140 115 143]
[140 115 143]
[141 116 143]
[141 116 143]
[141 117 142]
[141 117 142]
[141 118 142]
[141 119 142]
[141 119 142]
[141 120 142]
[141 120 142]
[141 121 141]
[141 121 141]
[141 122 141]
[141 123 141]
[141 123 141]
[142 123 141]
[142 123 141]
[142 124 141]
[142 125 141]
[141 125 140]
[142 126 141]
[142 126 140]
[142 127 140]
[143 127 141]
[143 128 140]
[143 128 140]
[143 129 140]
[143 129 140]
[142 130 139]
[143 130 139]
[143 131 139]
[143 132 139]
[143 132 139]
[143 132 139]
[143 133 139]
[143 134 139]
[143 134 138]
[143 135 138]
[143 136 138]
[143 136 138]
[144 137 138]
[144 137 138]
[143 137 137]
[143 139 137]
[143 138 136]
[144 140 137]
[143 139 136]
[143 140 136]
[143 142 136]
[143 142 136]
[143 143 135]
[143 143 135]
[143 143 135]
[143 144 135]
[143 145 134]
[143 145 134]
[143 147 134]
[143 147 134]
[142 147 133]
[143 148 133]
[142 148 132]
[141 150 131]
[140 152 130]
[70 76 65]
[105  79 112]
[115  86 123]
[134 101 144]
[135 100 143]
[135 101 143]
[135 101 144]
[135 102 144]
[136 103 144]
[136 103 144]
[136 103 143]
[136 103 143]
[137 104 143]
[137 105 144]
[137 105 144]
[137 106 143]
[138 106 144]
[138 106 143]
[138 107 144]
[139 107 144]
[139 108 144]
[138 108 143]
[139 109 144]
[138 109 144]
[139 110 144]
[139 111 143]
[139 111 143]
[139 111 142]
[140 112 143]
[140 112 143]
[140 113 143]
[140 113 142]
[140 114 143]
[140 114 143]
[141 114 143]
[141 115 143]
[141 115 142]
[141 116 142]
[141 117 142]
[141 117 142]
[140 117 141]
[141 118 142]
[141 118 142]
[142 119 142]
[142 119 142]
[142 121 142]
[141 121 141]
[142 121 141]
[141 121 141]
[142 123 141]
[142 123 141]
[142 123 140]
[142 123 140]
[142 124 140]
[142 125 140]
[142 125 140]
[142 126 140]
[143 127 141]
[143 127 140]
[142 127 139]
[143 128 140]
[143 129 140]
[143 129 140]
[143 129 139]
[143 130 139]
[144 131 139]
[143 131 138]
[144 132 139]
[143 133 139]
[143 133 138]
[255   0   0]
[143 134 138]
[143 135 138]
[143 135 137]
[255   0   0]
[144 136 137]
[144 137 138]
[143 137 136]
[255   0   0]
[143 138 136]
[143 139 136]
[144 140 136]
[255   0   0]
[143 141 135]
[143 142 135]
[142 142 134]
[143 143 135]
[143 144 135]
[143 144 134]
[143 145 134]
[143 146 134]
[143 146 133]
[143 147 133]
[143 147 133]
[141 148 132]
[141 150 130]
[10  7 10]
[134  98 143]
[134  98 144]
[135  99 144]
[135  99 144]
[135  99 143]
[135 100 143]
[135 100 143]
[136 101 144]
[136 100 143]
[136 101 143]
[136 101 143]
[137 102 143]
[137 103 143]
[137 103 143]
[138 104 144]
[137 103 143]
[138 105 143]
[138 105 143]
[138 106 143]
[138 105 143]
[139 106 144]
[139 107 144]
[139 107 143]
[140 108 144]
[139 108 143]
[139 108 143]
[139 109 143]
[139 110 143]
[140 111 143]
[140 110 142]
[140 112 143]
[141 113 143]
[140 112 142]
[141 114 143]
[141 114 143]
[141 114 143]
[141 114 142]
[141 115 143]
[142 116 143]
[141 116 142]
[141 116 142]
[141 117 142]
[141 117 142]
[142 118 142]
[142 118 141]
[142 118 141]
[141 118 141]
[142 120 141]
[142 121 141]
[141 120 140]
[142 121 141]
[142 122 140]
[142 123 141]
[142 123 140]
[143 124 140]
[143 125 141]
[142 124 140]
[142 125 140]
[143 126 140]
[143 127 140]
[143 127 140]
[142 128 139]
[144 128 140]
[143 129 140]
[143 129 139]
[144 130 140]
[143 129 138]
[144 130 139]
[143 132 139]
[143 132 138]
[144 133 138]
[143 132 138]
[144 133 138]
[144 134 138]
[143 134 137]
[143 135 137]
[143 136 137]
[144 136 137]
[144 137 136]
[143 138 136]
[144 138 136]
[144 139 136]
[144 139 136]
[144 140 135]
[143 140 135]
[143 142 135]
[143 142 134]
[143 142 134]
[142 143 133]
[142 144 133]
[143 145 134]
[143 146 133]
[143 146 133]
[143 147 133]
[143 148 132]
[138 145 127]
[47 50 44]
[47 34 51]
[48 34 51]
[134  97 143]
[135  97 144]
[135  97 144]
[134  98 143]
[135  98 143]
[136  98 144]
[135  98 143]
[137 100 144]
[137 100 144]
[137 100 143]
[137 101 144]
[137 101 144]
[138 102 144]
[138 102 144]
[138 103 144]
[138 103 144]
[138 103 143]
[138 104 144]
[138 104 143]
[139 105 144]
[139 105 143]
[139 106 144]
[140 106 144]
[139 106 143]
[139 107 143]
[139 107 143]
[139 108 143]
[140 109 143]
[140 109 143]
[140 110 143]
[140 110 142]
[140 111 143]
[140 111 142]
[141 112 143]
[141 112 142]
[141 112 142]
[141 113 142]
[141 113 142]
[141 114 142]
[142 114 142]
[142 115 142]
[141 115 142]
[142 116 142]
[142 117 142]
[142 117 141]
[142 118 141]
[142 118 141]
[142 119 142]
[141 119 141]
[142 120 141]
[142 121 141]
[143 121 141]
[142 121 140]
[143 122 140]
[143 123 141]
[143 122 140]
[143 124 140]
[143 124 140]
[142 124 139]
[143 125 139]
[142 125 139]
[143 126 139]
[142 126 139]
[143 127 139]
[143 128 139]
[143 128 139]
[143 129 138]
[143 129 138]
[143 129 138]
[144 130 138]
[143 131 138]
[143 132 137]
[143 132 138]
[144 132 137]
[144 133 137]
[143 134 137]
[143 134 136]
[143 135 136]
[144 136 137]
[143 137 136]
[143 137 136]
[144 138 136]
[144 138 136]
[143 138 135]
[143 139 134]
[143 140 135]
[143 141 135]
[143 141 134]
[142 142 133]
[142 143 133]
[143 144 133]
[142 144 133]
[142 145 132]
[142 145 132]
[142 146 132]
[102 107  94]
[84 89 77]
[0 0 1]
[86 60 92]
[110  78 117]
[133  95 143]
[134  94 143]
[135  95 144]
[135  96 144]
[135  96 143]
[136  97 144]
[136  97 143]
[136  97 143]
[136  97 143]
[137  98 144]
[137  98 143]
[137 100 144]
[137 100 144]
[137  99 143]
[138 100 143]
[138 100 143]
[139 101 144]
[138 102 143]
[139 102 143]
[139 103 143]
[139 103 143]
[139 104 144]
[140 105 144]
[139 104 143]
[140 105 143]
[140 106 143]
[140 106 143]
[140 107 143]
[140 107 143]
[140 107 142]
[140 108 142]
[140 109 143]
[140 110 143]
[140 109 142]
[141 111 143]
[140 111 142]
[140 112 142]
[141 112 142]
[141 113 142]
[141 113 142]
[141 113 142]
[141 113 141]
[141 114 141]
[142 114 142]
[142 115 141]
[142 116 142]
[142 116 141]
[142 117 141]
[142 117 141]
[142 119 141]
[142 119 141]
[142 119 141]
[142 119 140]
[142 120 140]
[143 121 140]
[143 121 140]
[143 122 140]
[143 123 140]
[143 123 140]
[144 124 140]
[144 124 140]
[143 124 139]
[143 124 139]
[143 125 139]
[143 126 139]
[143 126 139]
[143 127 139]
[143 127 138]
[143 128 138]
[144 129 138]
[143 129 137]
[143 130 137]
[144 130 138]
[143 131 137]
[143 131 137]
[143 132 137]
[144 132 137]
[143 133 136]
[143 133 136]
[144 135 136]
[143 135 136]
[144 136 136]
[143 136 135]
[143 137 135]
[143 138 135]
[144 139 135]
[143 139 134]
[143 140 134]
[143 140 134]
[143 141 134]
[143 141 133]
[143 142 133]
[142 144 133]
[142 144 132]
[142 145 131]
[142 146 131]
[51 53 48]
[25 26 23]
[44 30 48]
[130  89 138]
[134  93 143]
[135  94 144]
[135  94 144]
[135  95 144]
[135  94 143]
[135  95 143]
[136  95 143]
[136  95 143]
[137  96 144]
[137  97 144]
[137  98 144]
[137  97 143]
[137  97 143]
[138  99 144]
[138  99 143]
[138  99 144]
[138 100 144]
[139 101 144]
[139 101 143]
[139 101 144]
[139 101 143]
[140 102 144]
[140 103 144]
[140 103 143]
[140 103 143]
[140 104 143]
[139 104 142]
[141 106 143]
[141 106 143]
[140 106 143]
[139 105 142]
[140 107 142]
[140 108 142]
[141 108 142]
[140 108 142]
[140 108 142]
[141 109 142]
[140 110 142]
[141 111 142]
[141 111 142]
[141 111 142]
[142 113 142]
[141 113 142]
[141 113 141]
[142 113 141]
[142 114 141]
[142 115 142]
[142 115 141]
[142 116 141]
[143 116 142]
[142 116 141]
[142 117 141]
[142 118 140]
[142 118 140]
[142 119 140]
[142 120 141]
[142 119 140]
[143 120 140]
[143 121 140]
[143 121 140]
[142 122 139]
[143 123 140]
[143 123 139]
[144 124 140]
[144 125 140]
[143 125 138]
[143 125 138]
[144 126 139]
[143 126 138]
[143 127 138]
[143 127 137]
[144 129 138]
[255   0   0]
[144 129 137]
[143 129 137]
[143 130 137]
[143 130 137]
[143 131 136]
[144 132 137]
[143 132 136]
[144 133 136]
[143 133 135]
[144 134 136]
[143 135 135]
[144 136 135]
[143 136 135]
[143 137 134]
[143 137 134]
[144 139 135]
[143 139 134]
[143 140 133]
[143 140 133]
[142 141 132]
[143 141 132]
[142 143 132]
[142 144 132]
[141 145 131]
[10 10  9]
[14 10 15]
[111  76 119]
[135  91 144]
[135  91 144]
[135  92 143]
[135  92 144]
[135  93 143]
[135  92 143]
[136  93 143]
[136  94 143]
[136  94 143]
[136  95 143]
[137  96 144]
[138  96 144]
[137  96 143]
[138  97 143]
[137  96 143]
[138  97 143]
[138  97 143]
[138  98 143]
[138  98 143]
[139 100 144]
[139 100 143]
[139 101 144]
[140 101 144]
[139 101 143]
[140 102 143]
[140 102 143]
[140 103 143]
[140 103 142]
[141 104 143]
[141 104 143]
[140 104 143]
[141 106 143]
[141 106 143]
[140 105 142]
[140 107 142]
[141 107 142]
[141 108 142]
[142 108 142]
[141 108 142]
[141 109 142]
[142 110 142]
[141 111 142]
[141 111 142]
[141 111 141]
[142 112 142]
[142 113 142]
[142 113 141]
[142 113 141]
[142 114 141]
[142 114 140]
[143 115 141]
[143 116 140]
[143 116 141]
[143 116 141]
[142 117 140]
[143 118 141]
[142 118 140]
[143 119 140]
[143 119 140]
[143 120 140]
[143 120 140]
[142 121 139]
[142 121 139]
[143 122 139]
[143 122 139]
[143 123 139]
[143 123 138]
[143 124 139]
[143 125 138]
[143 125 138]
[144 126 138]
[144 127 138]
[143 126 137]
[144 128 138]
[143 128 137]
[144 128 137]
[144 129 137]
[144 130 137]
[143 130 136]
[143 131 137]
[144 132 137]
[143 132 136]
[144 133 136]
[143 133 136]
[144 134 135]
[143 134 135]
[143 135 135]
[144 136 135]
[143 136 134]
[143 137 134]
[143 138 134]
[143 139 134]
[143 139 133]
[143 140 133]
[143 141 133]
[142 141 132]
[126 127 116]
[111 113 103]
[67 45 72]
[134  90 144]
[135  90 143]
[135  90 144]
[135  90 143]
[136  91 144]
[136  91 143]
[136  92 144]
[137  93 144]
[137  93 144]
[137  93 144]
[137  94 144]
[138  94 144]
[138  94 144]
[138  95 143]
[138  95 143]
[138  96 143]
[139  97 144]
[139  97 144]
[139  97 144]
[138  97 143]
[139  98 144]
[139  99 144]
[140 100 144]
[139  99 144]
[140 100 143]
[140 101 144]
[140 101 143]
[140 101 143]
[140 102 143]
[140 102 143]
[140 103 143]
[141 104 143]
[141 103 143]
[141 104 142]
[141 105 143]
[141 105 143]
[141 106 143]
[140 106 142]
[141 107 142]
[141 107 142]
[142 108 142]
[142 108 142]
[142 109 142]
[142 109 141]
[142 110 141]
[142 110 141]
[142 111 141]
[142 111 141]
[142 112 141]
[142 112 140]
[142 113 141]
[142 113 141]
[143 114 141]
[143 115 140]
[142 115 140]
[143 116 140]
[143 117 140]
[143 117 140]
[143 117 140]
[143 118 140]
[143 119 140]
[143 119 139]
[143 119 140]
[143 120 139]
[143 121 140]
[143 121 139]
[143 122 139]
[143 123 139]
[143 123 138]
[144 124 138]
[143 124 138]
[144 125 138]
[144 125 138]
[144 126 138]
[144 126 138]
[144 127 138]
[144 128 137]
[143 128 137]
[144 129 137]
[143 128 136]
[143 129 136]
[143 130 136]
[143 131 136]
[143 131 135]
[144 133 136]
[144 133 136]
[143 133 135]
[143 134 135]
[144 135 135]
[144 136 135]
[143 136 134]
[143 137 134]
[143 137 133]
[142 138 133]
[142 140 132]
[142 140 132]
[142 141 132]
[76 76 70]
[56 56 52]
[105  69 112]
[116  76 124]
[135  88 144]
[135  89 144]
[135  89 143]
[136  90 144]
[136  90 144]
[136  90 144]
[136  90 144]
[137  91 143]
[137  92 144]
[137  92 143]
[138  92 143]
[137  93 143]
[138  93 144]
[138  94 144]
[138  94 143]
[139  95 144]
[138  95 143]
[139  95 143]
[139  96 144]
[139  97 144]
[139  97 144]
[139  97 144]
[139  98 143]
[140  98 143]
[140  98 143]
[140  99 143]
[140  99 143]
[140  99 143]
[140 101 143]
[140 100 142]
[141 101 143]
[141 102 143]
[140 102 142]
[141 104 143]
[142 104 143]
[141 103 142]
[141 104 142]
[141 104 142]
[141 105 142]
[141 106 141]
[141 106 141]
[142 107 142]
[142 108 142]
[142 108 141]
[142 109 142]
[142 110 141]
[142 110 141]
[143 110 142]
[143 111 141]
[143 111 141]
[143 112 141]
[143 113 141]
[142 113 140]
[143 114 141]
[143 114 140]
[143 114 139]
[143 115 140]
[143 116 140]
[143 116 140]
[144 117 140]
[143 117 139]
[143 118 139]
[143 118 139]
[144 119 139]
[144 120 139]
[143 120 139]
[143 120 139]
[144 122 139]
[143 121 138]
[143 122 138]
[144 123 138]
[144 124 138]
[144 124 138]
[143 124 137]
[143 125 137]
[143 125 137]
[144 126 138]
[144 127 137]
[144 127 137]
[143 127 136]
[143 128 135]
[144 129 136]
[144 130 136]
[143 130 135]
[144 131 136]
[144 132 135]
[144 132 135]
[143 133 134]
[143 133 134]
[144 135 135]
[143 135 134]
[143 135 134]
[143 136 133]
[143 137 133]
[143 138 132]
[141 139 131]
[141 140 130]
[101 101  93]
[11 11 10]
[ 9  6 10]
[133  85 142]
[134  86 144]
[134  86 143]
[135  87 144]
[135  87 143]
[135  87 143]
[137  88 144]
[137  89 144]
[137  89 143]
[137  89 143]
[137  89 143]
[138  90 143]
[137  90 143]
[138  91 144]
[138  91 144]
[137  91 144]
[138  92 144]
[138  93 144]
[138  93 143]
[138  94 143]
[139  94 143]
[139  95 144]
[140  95 144]
[139  95 143]
[139  96 144]
[140  97 144]
[140  97 143]
[140  98 144]
[140  97 143]
[140  98 142]
[140  99 143]
[141  99 143]
[140  99 142]
[141 100 142]
[140 100 142]
[141 101 142]
[141 101 142]
[141 102 142]
[140 102 141]
[141 104 142]
[142 104 142]
[142 104 142]
[141 104 141]
[141 105 141]
[142 106 142]
[142 107 142]
[142 108 142]
[142 107 141]
[143 109 142]
[142 109 141]
[141 109 140]
[142 109 141]
[143 110 142]
[142 110 141]
[143 111 141]
[143 112 141]
[143 112 141]
[143 113 140]
[143 113 140]
[143 114 140]
[143 115 140]
[143 115 139]
[143 115 139]
[144 116 140]
[144 117 140]
[143 117 139]
[144 118 139]
[144 118 139]
[144 119 139]
[143 119 138]
[143 119 138]
[143 120 138]
[143 120 138]
[144 122 138]
[144 122 138]
[144 123 138]
[143 123 136]
[255   0   0]
[144 124 137]
[144 126 138]
[143 125 137]
[255   0   0]
[144 127 137]
[143 127 136]
[144 128 136]
[255   0   0]
[144 129 136]
[143 129 135]
[144 131 135]
[143 131 134]
[143 132 134]
[144 132 134]
[144 133 133]
[144 134 133]
[143 134 133]
[142 134 132]
[142 135 132]
[255   0   0]
[141 137 131]
[141 139 130]
[130 130 120]
[47 29 51]
[133  84 143]
[134  84 143]
[134  84 143]
[135  85 144]
[135  85 144]
[136  85 143]
[136  86 144]
[136  86 143]
[136  87 143]
[137  88 144]
[137  88 144]
[137  88 144]
[137  88 143]
[137  88 144]
[138  89 143]
[138  90 143]
[138  91 144]
[138  91 144]
[139  92 144]
[139  92 144]
[138  92 143]
[138  93 143]
[139  94 144]
[139  94 143]
[140  95 144]
[139  95 143]
[140  95 143]
[140  96 143]
[140  96 143]
[140  96 143]
[141  97 143]
[140  97 142]
[141  97 142]
[141  99 143]
[141  99 142]
[141 100 143]
[141 100 142]
[141 100 142]
[141 101 142]
[141 102 142]
[141 102 142]
[141 102 141]
[142 103 142]
[142 103 142]
[142 104 142]
[142 105 142]
[142 105 141]
[141 105 140]
[141 106 140]
[142 106 141]
[143 107 141]
[143 108 141]
[142 108 141]
[142 109 141]
[142 109 140]
[143 110 140]
[143 110 140]
[142 110 140]
[143 112 141]
[143 112 140]
[143 112 140]
[143 113 140]
[143 113 139]
[144 114 140]
[143 114 139]
[143 115 139]
[143 116 139]
[143 116 138]
[143 117 139]
[144 118 139]
[144 118 139]
[143 118 138]
[143 119 138]
[143 119 138]
[143 120 138]
[143 121 138]
[144 121 138]
[144 122 137]
[144 123 137]
[143 123 137]
[143 124 137]
[143 124 137]
[143 125 136]
[143 125 136]
[143 126 136]
[143 126 136]
[143 127 135]
[143 128 135]
[144 129 135]
[143 129 134]
[143 129 134]
[144 131 135]
[143 131 134]
[143 131 133]
[143 133 133]
[143 133 133]
[143 134 133]
[143 135 132]
[142 136 132]
[142 137 132]
[142 137 131]
[90 89 83]
[45 45 42]
[86 53 92]
[110  67 117]
[134  82 143]
[135  83 144]
[136  83 144]
[136  83 143]
[137  84 144]
[136  85 144]
[137  85 144]
[137  86 144]
[137  86 144]
[137  86 144]
[137  87 144]
[137  87 144]
[137  87 143]
[138  88 143]
[137  88 143]
[139  89 144]
[138  89 143]
[139  90 144]
[139  90 144]
[139  91 144]
[139  91 143]
[139  92 144]
[139  92 143]
[140  93 144]
[139  93 143]
[140  94 144]
[140  94 143]
[140  95 143]
[140  95 143]
[140  95 143]
[141  96 143]
[141  96 143]
[141  96 143]
[141  97 142]
[141  98 142]
[141  99 142]
[140  99 142]
[141  99 142]
[141 100 142]
[142 100 142]
[141 101 142]
[142 101 142]
[142 103 142]
[142 103 142]
[142 103 142]
[142 103 142]
[142 104 141]
[142 105 141]
[142 105 141]
[143 106 141]
[143 106 141]
[142 106 141]
[143 107 140]
[142 107 140]
[143 108 140]
[143 109 140]
[142 109 140]
[143 109 140]
[143 110 140]
[143 110 139]
[143 111 140]
[143 112 140]
[143 112 140]
[143 113 140]
[143 113 139]
[143 114 139]
[143 115 138]
[143 115 138]
[143 116 139]
[144 116 139]
[143 117 138]
[143 117 138]
[143 117 138]
[143 118 138]
[143 118 138]
[144 120 138]
[144 120 138]
[144 121 137]
[143 121 136]
[144 123 137]
[144 123 137]
[144 123 137]
[144 124 137]
[143 124 136]
[143 125 136]
[143 125 135]
[144 126 136]
[143 127 135]
[144 128 135]
[143 128 135]
[143 129 134]
[143 129 134]
[143 130 133]
[143 130 133]
[143 131 133]
[143 132 133]
[143 133 133]
[143 134 133]
[142 134 132]
[142 134 131]
[50 49 47]
[50 49 46]
[124  74 133]
[130  78 139]
[135  81 144]
[135  81 143]
[135  82 144]
[135  81 143]
[136  82 144]
[136  82 144]
[136  83 143]
[136  83 143]
[137  84 144]
[137  84 144]
[137  84 143]
[138  85 144]
[138  85 143]
[138  86 143]
[138  86 143]
[139  87 143]
[138  87 143]
[139  88 143]
[139  88 143]
[139  89 144]
[140  89 144]
[140  90 144]
[140  91 144]
[139  91 143]
[140  91 143]
[140  92 144]
[139  93 142]
[140  93 143]
[140  94 143]
[141  94 143]
[141  94 143]
[141  95 144]
[141  94 142]
[141  95 142]
[141  96 143]
[141  97 142]
[141  97 142]
[141  97 142]
[141  98 142]
[141  99 142]
[142 100 142]
[141  99 141]
[142 101 142]
[141 100 141]
[142 101 141]
[142 102 141]
[142 102 141]
[142 103 141]
[142 103 141]
[143 105 142]
[142 104 140]
[142 105 141]
[143 105 141]
[143 106 141]
[142 106 140]
[142 107 140]
[143 108 140]
[143 108 140]
[143 109 140]
[143 109 140]
[143 109 140]
[143 110 139]
[143 110 139]
[144 111 140]
[144 112 140]
[143 112 139]
[144 113 139]
[144 114 139]
[143 114 139]
[143 114 138]
[143 115 138]
[144 116 138]
[144 116 138]
[143 117 138]
[143 117 138]
[144 118 138]
[143 118 137]
[144 119 138]
[144 119 137]
[144 120 137]
[145 121 137]
[144 122 137]
[143 122 136]
[144 123 136]
[144 124 136]
[143 123 136]
[143 124 135]
[144 125 135]
[143 125 135]
[144 127 135]
[144 128 135]
[144 127 135]
[143 128 134]
[143 129 133]
[143 130 134]
[143 130 133]
[143 131 133]
[142 132 132]
[142 132 131]
[142 133 131]
[142 134 131]
[10 10  9]
[29 17 31]
[134  78 143]
[135  79 144]
[134  79 143]
[135  79 144]
[136  80 144]
[137  81 144]
[136  80 144]
[136  80 143]
[136  81 143]
[137  82 143]
[137  82 143]
[137  82 144]
[137  82 143]
[138  83 144]
[138  84 143]
[138  84 143]
[138  84 143]
[138  85 143]
[139  86 144]
[139  87 144]
[139  87 143]
[139  87 143]
[139  88 144]
[140  89 144]
[140  89 144]
[140  89 143]
[140  90 143]
[140  90 143]
[140  91 143]
[140  91 143]
[140  91 143]
[140  92 143]
[140  92 142]
[141  93 143]
[141  94 143]
[141  93 142]
[142  94 143]
[141  94 142]
[141  95 143]
[141  96 143]
[141  97 142]
[141  97 142]
[142  97 142]
[141  98 142]
[142  98 142]
[142  99 142]
[142 100 142]
[142 100 142]
[142 100 141]
[142 101 141]
[142 101 141]
[143 102 141]
[143 103 142]
[142 103 141]
[143 104 141]
[143 104 141]
[142 105 140]
[143 105 141]
[143 105 140]
[143 106 140]
[143 107 140]
[143 107 140]
[143 107 139]
[143 108 140]
[144 109 140]
[144 109 140]
[143 110 139]
[143 110 139]
[144 111 139]
[143 111 139]
[143 112 139]
[143 112 138]
[144 114 139]
[143 114 138]
[143 114 138]
[144 115 138]
[143 115 138]
[143 116 138]
[143 116 138]
[144 117 138]
[143 117 137]
[144 118 137]
[144 119 137]
[144 120 137]
[144 119 136]
[144 120 136]
[143 121 135]
[144 122 136]
[143 122 135]
[144 123 136]
[255   0   0]
[144 125 135]
[144 125 135]
[144 126 135]
[144 127 135]
[144 126 134]
[143 127 134]
[142 128 133]
[255   0   0]
[143 130 133]
[142 130 132]
[143 132 132]
[142 132 131]
[111 105 102]
[67 39 72]
[110  63 118]
[135  77 143]
[134  76 143]
[135  77 143]
[136  78 144]
[136  78 143]
[136  79 143]
[137  79 144]
[137  79 144]
[137  80 143]
[137  80 144]
[137  80 143]
[138  81 144]
[138  81 144]
[138  82 143]
[138  83 144]
[138  83 144]
[138  83 143]
[138  83 143]
[139  85 144]
[139  85 144]
[139  85 143]
[139  86 143]
[139  87 144]
[139  87 143]
[140  88 143]
[140  88 143]
[140  88 142]
[141  89 143]
[140  89 143]
[141  91 143]
[140  90 143]
[141  91 143]
[141  91 143]
[141  92 142]
[141  93 143]
[141  93 143]
[141  94 143]
[141  94 142]
[142  94 142]
[142  95 142]
[142  95 142]
[142  96 142]
[142  96 142]
[142  97 142]
[142  97 142]
[142  98 142]
[142  99 142]
[142  99 142]
[142  99 141]
[142  99 141]
[142 100 141]
[143 101 141]
[143 102 142]
[143 102 141]
[143 102 141]
[143 103 141]
[142 103 140]
[143 104 140]
[143 104 140]
[143 105 140]
[143 105 140]
[144 106 140]
[143 107 139]
[144 107 140]
[144 108 139]
[143 108 139]
[143 108 139]
[143 109 139]
[144 110 139]
[144 111 139]
[144 111 139]
[144 112 139]
[144 112 139]
[144 113 139]
[144 113 139]
[144 114 138]
[144 114 138]
[144 114 138]
[144 115 138]
[144 116 137]
[144 116 137]
[144 117 137]
[144 118 137]
[144 118 136]
[143 118 136]
[144 119 136]
[144 120 136]
[144 120 136]
[144 121 135]
[144 122 135]
[143 122 135]
[144 123 135]
[144 124 135]
[144 124 135]
[144 125 134]
[143 126 134]
[143 126 134]
[143 127 133]
[143 128 133]
[143 129 132]
[143 129 132]
[142 130 132]
[136 127 126]
[46 43 42]
[53 29 57]
[105  58 112]
[134  75 143]
[135  75 144]
[135  75 143]
[135  76 143]
[136  77 144]
[136  77 144]
[136  78 144]
[136  78 143]
[136  78 143]
[137  79 144]
[138  79 143]
[138  80 143]
[138  80 143]
[138  81 144]
[138  81 144]
[139  82 144]
[138  82 144]
[138  82 143]
[138  83 143]
[139  84 144]
[139  84 144]
[138  84 143]
[139  84 144]
[139  85 143]
[140  86 144]
[139  86 143]
[140  86 143]
[139  87 143]
[140  88 143]
[141  89 143]
[140  89 142]
[140  89 142]
[141  90 143]
[140  90 142]
[142  91 143]
[142  91 143]
[141  92 142]
[141  92 142]
[142  93 142]
[141  93 142]
[142  94 142]
[142  94 142]
[142  94 142]
[142  95 142]
[142  96 142]
[142  96 142]
[142  96 142]
[142  97 141]
[141  98 141]
[142  97 141]
[143  98 142]
[143  98 140]
[143 100 142]
[143 101 141]
[143 100 141]
[143 101 141]
[143 102 141]
[143 102 140]
[142 102 139]
[143 103 140]
[143 104 140]
[143 104 140]
[143 105 140]
[143 105 139]
[144 106 140]
[144 107 139]
[144 107 139]
[143 107 139]
[144 108 139]
[143 108 138]
[144 109 139]
[143 109 138]
[144 110 139]
[143 111 138]
[143 112 138]
[143 112 137]
[144 113 138]
[144 114 138]
[144 113 138]
[144 114 137]
[144 115 137]
[144 115 137]
[144 116 137]
[144 117 137]
[145 118 137]
[144 118 136]
[143 118 136]
[143 119 136]
[143 119 136]
[144 120 136]
[144 121 135]
[144 122 135]
[143 122 134]
[144 122 134]
[144 123 135]
[144 124 134]
[143 124 133]
[143 125 133]
[143 126 133]
[143 127 133]
[143 128 132]
[143 129 132]
[142 129 131]
[31 29 29]
[7 7 7]
[124  68 133]
[134  73 144]
[134  74 143]
[135  74 143]
[136  75 144]
[135  74 143]
[137  76 144]
[136  76 144]
[137  76 143]
[137  77 144]
[138  77 144]
[137  77 143]
[138  78 143]
[138  78 144]
[139  79 144]
[139  79 144]
[138  80 144]
[138  80 143]
[139  81 144]
[139  81 143]
[139  82 144]
[139  82 143]
[139  82 143]
[139  83 143]
[139  83 143]
[140  85 144]
[139  85 143]
[139  86 143]
[140  86 143]
[140  86 143]
[140  86 143]
[140  87 143]
[140  88 143]
[140  87 142]
[141  89 143]
[141  90 143]
[141  90 143]
[140  89 142]
[141  90 142]
[142  91 142]
[142  92 142]
[142  92 142]
[142  93 142]
[141  93 141]
[142  94 142]
[142  94 142]
[143  95 142]
[142  94 142]
[142  95 142]
[142  96 141]
[142  96 141]
[142  97 141]
[143  98 141]
[143  98 141]
[142  98 141]
[143  98 141]
[143 100 141]
[143 101 140]
[143 101 141]
[143 101 140]
[143 101 140]
[143 102 140]
[143 103 140]
[143 103 139]
[143 103 140]
[143 104 140]
[144 104 139]
[143 105 139]
[143 106 139]
[143 107 139]
[144 108 140]
[144 107 139]
[144 108 138]
[145 109 139]
[144 109 139]
[144 110 139]
[144 110 138]
[144 111 138]
[144 112 138]
[144 112 137]
[143 112 137]
[143 113 137]
[143 113 137]
[144 114 137]
[143 114 136]
[144 115 136]
[144 116 137]
[145 117 137]
[143 117 136]
[143 118 135]
[144 118 136]
[144 119 135]
[143 119 135]
[144 120 135]
[143 121 134]
[144 122 134]
[143 122 134]
[143 122 133]
[144 124 134]
[144 124 134]
[143 125 133]
[143 126 133]
[143 126 132]
[142 126 131]
[132 118 122]
[102  55 109]
[134  73 143]
[135  73 143]
[136  73 143]
[136  73 143]
[136  74 144]
[136  74 143]
[137  74 144]
[137  75 143]
[137  76 144]
[138  76 143]
[138  77 144]
[138  77 143]
[138  77 143]
[138  78 143]
[138  78 143]
[139  79 143]
[138  79 143]
[138  79 143]
[139  81 144]
[140  81 144]
[140  82 144]
[140  82 144]
[140  82 144]
[140  83 143]
[140  84 144]
[140  84 144]
[140  84 143]
[255   0   0]
[140  85 143]
[140  85 143]
[140  86 143]
[140  86 142]
[140  86 142]
[141  87 143]
[141  88 143]
[141  88 142]
[141  89 142]
[141  89 142]
[141  89 141]
[255   0   0]
[142  91 142]
[142  91 142]
[142  92 142]
[142  93 141]
[142  93 142]
[143  94 142]
[143  94 142]
[143  94 141]
[143  95 141]
[142  95 141]
[143  96 141]
[142  97 141]
[143  97 141]
[143  98 142]
[143  98 140]
[143  98 140]
[143  99 140]
[143 100 140]
[143 100 140]
[144 101 140]
[144 102 141]
[144 102 140]
[144 102 140]
[143 102 139]
[143 103 140]
[143 104 139]
[143 104 139]
[144 106 139]
[144 106 139]
[143 106 139]
[144 107 139]
[144 107 138]
[144 107 138]
[144 108 138]
[144 108 138]
[144 109 138]
[144 109 137]
[144 110 137]
[144 111 137]
[144 111 137]
[144 112 137]
[144 113 137]
[144 113 137]
[144 114 136]
[144 115 137]
[143 115 136]
[144 116 136]
[143 116 135]
[144 118 135]
[143 117 135]
[143 118 135]
[255   0   0]
[143 119 134]
[143 120 134]
[144 121 135]
[144 121 133]
[144 122 133]
[143 123 133]
[143 123 133]
[255   0   0]
[143 125 132]
[142 125 131]
[89 79 82]
[133  72 141]
[135  72 143]
[136  72 143]
[137  73 143]
[137  73 143]
[137  73 143]
[137  74 143]
[138  74 143]
[137  74 143]
[138  75 144]
[138  75 143]
[138  76 143]
[139  77 144]
[138  77 143]
[139  78 144]
[139  79 144]
[139  80 144]
[139  79 144]
[140  80 144]
[139  79 143]
[140  80 143]
[140  81 143]
[140  82 144]
[140  82 143]
[140  82 143]
[140  83 143]
[141  84 143]
[141  84 143]
[141  84 143]
[140  84 142]
[141  85 143]
[141  86 143]
[141  86 142]
[141  87 142]
[141  88 142]
[141  88 142]
[142  88 142]
[142  88 142]
[142  90 142]
[141  89 141]
[141  90 141]
[142  91 142]
[142  91 141]
[143  92 142]
[143  92 141]
[142  92 141]
[143  93 141]
[142  93 141]
[142  94 141]
[143  95 141]
[142  95 140]
[143  96 141]
[143  97 141]
[143  97 141]
[143  97 140]
[143  97 140]
[143  98 139]
[143  99 140]
[143  99 140]
[143 100 140]
[143 100 139]
[144 101 140]
[144 102 139]
[144 102 139]
[144 103 139]
[143 103 139]
[143 103 139]
[143 104 139]
[143 105 139]
[144 106 139]
[143 106 138]
[144 107 139]
[144 107 138]
[144 107 138]
[144 108 137]
[144 108 137]
[144 109 137]
[145 110 137]
[144 110 137]
[144 111 137]
[144 111 137]
[144 112 137]
[144 112 136]
[144 113 136]
[143 114 135]
[144 115 135]
[143 115 135]
[144 116 135]
[144 117 135]
[144 117 135]
[143 117 134]
[143 118 134]
[144 120 134]
[144 120 134]
[143 120 133]
[143 121 133]
[144 121 133]
[143 122 132]
[143 123 133]
[142 124 132]
[142 124 131]
[51 45 47]
[134  72 142]
[136  73 143]
[136  72 143]
[137  72 143]
[138  73 143]
[138  74 144]
[139  74 144]
[138  74 143]
[138  74 143]
[139  76 144]
[139  75 144]
[138  75 143]
[140  77 144]
[139  77 143]
[139  78 143]
[139  78 143]
[140  79 144]
[139  78 143]
[140  79 143]
[140  79 143]
[141  80 143]
[140  82 143]
[141  81 143]
[140  82 143]
[140  82 143]
[141  84 144]
[141  83 143]
[141  84 143]
[141  84 143]
[141  85 143]
[141  85 143]
[141  85 142]
[141  86 142]
[141  87 142]
[141  87 142]
[141  88 142]
[142  88 142]
[142  89 142]
[142  89 142]
[142  90 141]
[141  90 141]
[142  91 142]
[142  91 141]
[143  92 141]
[143  92 141]
[142  92 140]
[143  93 142]
[143  94 141]
[143  94 142]
[142  95 141]
[143  95 140]
[143  96 140]
[143  97 141]
[143  97 140]
[144  98 140]
[143  98 140]
[143  99 139]
[144 100 140]
[143  99 139]
[143 100 139]
[144 101 140]
[144 101 140]
[143 101 139]
[144 103 139]
[143 102 138]
[143 103 138]
[143 103 138]
[144 104 139]
[144 105 139]
[144 106 139]
[144 106 138]
[143 106 138]
[144 107 138]
[144 107 137]
[145 108 138]
[144 108 137]
[144 109 137]
[145 110 137]
[144 110 136]
[144 111 136]
[144 111 137]
[144 112 136]
[144 113 136]
[143 113 135]
[143 114 135]
[143 115 135]
[143 115 135]
[144 116 135]
[143 117 134]
[143 116 134]
[143 118 134]
[144 119 134]
[144 119 134]
[144 120 134]
[143 120 132]
[143 121 132]
[143 122 132]
[142 123 131]
[142 124 131]
[141 124 129]
[8 8 8]
[132  73 141]
[134  72 142]
[136  72 142]
[137  72 143]
[137  73 143]
[138  73 144]
[139  74 144]
[139  74 144]
[139  75 144]
[140  75 143]
[139  75 144]
[140  76 144]
[140  77 144]
[139  77 143]
[140  77 143]
[140  78 143]
[140  78 144]
[140  78 143]
[140  79 143]
[140  79 142]
[141  80 143]
[140  80 143]
[141  81 143]
[140  81 142]
[142  82 143]
[141  83 143]
[141  83 143]
[142  84 143]
[141  84 142]
[142  85 143]
[141  84 142]
[141  85 142]
[142  86 142]
[142  87 142]
[141  87 142]
[142  87 142]
[141  87 141]
[142  88 142]
[142  89 141]
[143  90 142]
[142  90 142]
[142  90 141]
[143  91 141]
[143  91 141]
[143  92 141]
[143  92 141]
[143  93 141]
[143  94 141]
[143  94 141]
[143  94 140]
[143  95 140]
[143  95 140]
[143  96 140]
[143  96 140]
[143  97 139]
[144  98 139]
[144  98 139]
[144  99 139]
[143  99 140]
[144 100 140]
[144 100 140]
[143 101 139]
[143 101 139]
[143 102 138]
[144 103 139]
[144 103 138]
[143 104 138]
[144 104 139]
[144 105 138]
[144 105 138]
[144 106 138]
[143 106 137]
[144 107 137]
[144 107 137]
[144 107 137]
[145 109 137]
[144 109 136]
[144 109 136]
[145 111 136]
[144 111 136]
[144 112 136]
[144 112 136]
[144 113 135]
[144 114 135]
[144 114 135]
[143 114 134]
[143 115 134]
[143 116 134]
[144 117 134]
[143 116 133]
[143 117 133]
[143 118 133]
[143 120 133]
[142 119 132]
[142 120 132]
[142 121 131]
[111  96 102]
[72 62 65]
[132  72 140]
[133  72 140]
[134  73 141]
[137  72 143]
[138  72 143]
[139  72 143]
[139  74 144]
[139  74 144]
[140  74 144]
[140  75 144]
[140  75 144]
[140  76 143]
[140  76 144]
[141  76 144]
[140  77 143]
[141  78 144]
[140  78 143]
[141  79 144]
[140  79 143]
[141  79 143]
[141  80 143]
[141  80 143]
[141  80 143]
[141  81 143]
[141  82 143]
[141  82 142]
[142  83 143]
[142  83 143]
[142  84 142]
[142  84 142]
[142  84 142]
[142  85 142]
[142  85 142]
[142  86 142]
[142  87 142]
[142  87 142]
[142  87 141]
[143  88 141]
[143  89 141]
[142  89 141]
[255   0   0]
[143  91 142]
[143  91 141]
[143  91 140]
[255   0   0]
[143  92 141]
[144  93 141]
[144  94 141]
[144  94 140]
[143  94 140]
[144  95 141]
[143  95 140]
[144  96 140]
[144  96 140]
[143  97 139]
[143  97 139]
[144  98 139]
[143  98 139]
[144  99 139]
[144  99 139]
[144 100 139]
[143 100 139]
[143 101 138]
[144 102 139]
[143 102 138]
[144 103 138]
[144 103 138]
[144 105 138]
[144 105 138]
[144 106 138]
[145 107 138]
[145 107 138]
[144 107 137]
[145 108 137]
[144 108 137]
[144 109 136]
[144 109 136]
[144 110 136]
[144 111 136]
[144 111 136]
[144 112 136]
[144 112 135]
[144 114 134]
[144 114 134]
[144 114 134]
[144 114 134]
[143 116 134]
[144 116 134]
[144 117 134]
[143 117 133]
[143 118 133]
[143 119 132]
[143 119 132]
[142 120 131]
[106  91  98]
[16 13 14]
[131  72 139]
[133  73 140]
[133  73 140]
[135  72 141]
[139  73 143]
[139  72 143]
[139  73 143]
[140  74 144]
[140  74 144]
[139  74 143]
[140  75 143]
[140  75 143]
[141  76 143]
[140  76 143]
[140  76 142]
[140  76 142]
[141  78 143]
[140  78 143]
[141  79 143]
[140  79 142]
[141  79 142]
[142  80 143]
[142  80 142]
[142  81 142]
[142  81 142]
[142  82 142]
[142  83 143]
[142  83 143]
[142  83 142]
[142  84 142]
[142  85 142]
[142  85 142]
[142  85 141]
[142  86 141]
[142  87 141]
[143  87 142]
[143  88 141]
[143  88 141]
[142  89 141]
[142  89 140]
[142  89 140]
[143  90 140]
[143  91 141]
[143  91 141]
[143  92 140]
[143  92 140]
[144  93 141]
[143  92 139]
[143  93 140]
[143  94 140]
[143  94 140]
[143  95 139]
[144  96 140]
[144  97 140]
[144  97 139]
[144  97 139]
[143  98 138]
[143  98 138]
[144  99 138]
[143  99 139]
[144 100 138]
[144 101 138]
[144 101 138]
[144 102 138]
[143 102 137]
[143 102 137]
[144 103 138]
[144 104 137]
[144 104 137]
[145 106 137]
[144 106 137]
[144 107 137]
[145 108 137]
[144 107 136]
[145 108 137]
[144 108 135]
[144 110 136]
[144 110 135]
[144 111 135]
[144 111 135]
[144 112 134]
[144 113 134]
[143 112 133]
[143 114 134]
[143 114 133]
[143 115 133]
[143 115 133]
[143 116 133]
[143 116 132]
[143 118 132]
[142 118 131]
[142 119 131]
[39 33 36]
[131  72 139]
[132  72 139]
[132  72 139]
[133  73 139]
[138  72 142]
[139  72 143]
[139  72 143]
[140  73 143]
[139  73 143]
[140  74 143]
[140  74 143]
[140  75 143]
[141  76 143]
[141  75 142]
[141  76 143]
[141  77 143]
[141  77 143]
[141  78 143]
[141  79 143]
[142  80 143]
[142  79 143]
[142  80 143]
[142  80 142]
[142  81 142]
[142  81 142]
[142  82 142]
[142  82 142]
[142  83 142]
[142  83 142]
[142  84 141]
[142  84 141]
[143  85 141]
[142  85 141]
[143  86 141]
[142  86 141]
[142  87 141]
[143  88 141]
[144  88 140]
[143  88 140]
[143  89 141]
[143  90 141]
[143  90 140]
[143  91 140]
[144  92 141]
[144  92 141]
[143  91 140]
[144  92 140]
[144  93 140]
[144  93 140]
[143  93 139]
[143  95 139]
[144  96 140]
[143  95 139]
[144  96 139]
[144  96 138]
[144  97 138]
[144  98 139]
[145  99 139]
[144  99 138]
[144  99 138]
[144  99 137]
[144 100 138]
[144 101 138]
[144 101 138]
[144 103 138]
[144 103 137]
[144 103 137]
[144 104 137]
[144 104 136]
[144 105 136]
[144 106 136]
[145 107 137]
[144 107 136]
[144 107 136]
[144 108 135]
[144 109 135]
[143 109 134]
[143 111 135]
[144 112 135]
[144 111 134]
[144 112 133]
[144 113 133]
[144 113 133]
[144 114 133]
[144 114 133]
[144 115 133]
[143 115 132]
[143 116 131]
[142 117 130]
[122 102 112]
[130  72 138]
[132  72 139]
[132  73 138]
[133  73 139]
[134  74 139]
[139  72 143]
[141  73 143]
[140  73 143]
[140  74 142]
[141  74 143]
[140  74 143]
[141  75 143]
[141  75 143]
[141  75 143]
[142  76 143]
[142  77 143]
[141  77 143]
[141  78 143]
[141  78 143]
[141  79 142]
[142  79 143]
[142  79 142]
[142  80 142]
[142  80 142]
[142  81 142]
[142  81 141]
[142  82 142]
[142  82 141]
[142  84 141]
[142  83 141]
[143  85 141]
[143  85 141]
[142  85 141]
[143  85 141]
[143  86 141]
[143  87 141]
[143  87 140]
[144  88 141]
[144  89 141]
[144  89 140]
[144  90 140]
[144  90 140]
[144  91 140]
[144  91 140]
[143  91 140]
[144  92 140]
[143  92 139]
[143  92 139]
[144  93 139]
[144  94 139]
[144  95 139]
[144  95 139]
[144  95 139]
[143  95 138]
[144  97 139]
[143  96 138]
[144  97 138]
[143  98 137]
[144  99 138]
[144  99 138]
[144 100 137]
[144 100 137]
[144 101 137]
[144 102 137]
[144 102 137]
[144 102 137]
[144 103 137]
[144 104 137]
[144 104 136]
[144 105 136]
[145 106 136]
[144 106 135]
[144 107 135]
[144 107 135]
[144 108 135]
[144 109 135]
[144 109 134]
[143 110 134]
[144 111 134]
[144 111 133]
[143 111 133]
[143 112 133]
[144 113 132]
[143 113 132]
[143 114 132]
[142 114 131]
[92 75 84]
[46 38 42]
[130  72 138]
[131  73 138]
[131  73 137]
[132  73 138]
[133  73 139]
[136  73 140]
[140  73 143]
[140  73 142]
[140  73 143]
[141  73 142]
[141  74 142]
[141  74 142]
[141  74 142]
[141  75 143]
[142  76 143]
[142  77 143]
[142  77 142]
[142  77 143]
[142  77 142]
[142  78 142]
[142  79 142]
[142  79 142]
[142  80 142]
[142  81 142]
[142  81 142]
[142  81 141]
[142  81 141]
[142  82 141]
[143  83 141]
[143  84 141]
[143  84 141]
[143  85 141]
[143  85 141]
[143  85 141]
[143  86 140]
[143  86 139]
[144  87 140]
[143  87 140]
[144  88 140]
[144  89 140]
[144  89 140]
[144  90 140]
[143  90 139]
[144  91 140]
[144  92 140]
[144  92 139]
[144  92 140]
[144  93 139]
[144  93 139]
[144  94 139]
[144  95 138]
[144  95 138]
[144  96 139]
[144  96 138]
[144  97 138]
[144  97 138]
[144  97 138]
[144  98 137]
[144  98 137]
[144  99 137]
[144 100 137]
[144 100 136]
[144 101 136]
[144 101 136]
[145 102 137]
[144 102 137]
[144 103 136]
[144 103 135]
[144 104 135]
[144 104 135]
[144 106 135]
[143 106 134]
[143 107 134]
[144 107 134]
[143 108 134]
[144 109 134]
[143 109 133]
[143 109 133]
[143 111 132]
[143 111 133]
[143 112 132]
[143 113 132]
[143 113 132]
[111  89 103]
[51 41 47]
[129  71 136]
[131  72 137]
[131  72 137]
[131  72 137]
[132  74 138]
[132  74 137]
[141  72 142]
[141  73 142]
[142  74 143]
[141  73 143]
[142  74 143]
[142  74 143]
[142  75 142]
[141  75 142]
[141  75 142]
[142  77 142]
[142  76 142]
[142  77 142]
[142  78 142]
[142  78 142]
[142  79 142]
[143  79 142]
[143  80 143]
[142  80 141]
[143  81 141]
[142  81 141]
[143  81 141]
[143  82 141]
[142  82 141]
[142  83 140]
[143  84 141]
[143  84 141]
[143  85 141]
[143  85 141]
[143  85 140]
[143  86 140]
[144  88 140]
[143  87 140]
[144  88 140]
[144  88 140]
[143  88 139]
[143  89 139]
[144  90 139]
[144  91 139]
[144  91 139]
[144  92 139]
[144  92 139]
[144  92 139]
[144  93 139]
[144  93 138]
[144  94 138]
[144  95 138]
[144  95 138]
[144  96 137]
[144  96 138]
[145  97 138]
[145  97 138]
[145  98 138]
[144  99 137]
[144  99 136]
[144  99 136]
[145 100 136]
[144 100 135]
[145 101 136]
[144 102 136]
[144 103 136]
[144 103 135]
[144 103 135]
[144 104 135]
[144 105 135]
[144 106 134]
[143 106 134]
[143 106 133]
[143 107 134]
[144 108 134]
[144 109 133]
[143 109 133]
[143 111 132]
[144 111 132]
[143 112 132]
[142 112 131]
[142 113 131]
[9 8 9]
[83 46 87]
[131  72 137]
[131  72 136]
[131  73 136]
[132  73 137]
[132  74 137]
[135  73 139]
[141  73 142]
[142  74 143]
[142  74 143]
[142  74 142]
[142  74 142]
[142  74 142]
[142  75 142]
[142  76 142]
[142  76 142]
[142  77 142]
[142  77 142]
[143  78 142]
[143  78 142]
[143  79 141]
[143  79 141]
[143  80 141]
[143  80 141]
[143  80 141]
[143  82 141]
[143  81 140]
[143  82 141]
[143  82 141]
[143  83 140]
[144  84 141]
[144  85 141]
[144  85 141]
[144  86 141]
[143  85 140]
[143  86 140]
[144  87 140]
[143  87 139]
[143  87 140]
[143  88 139]
[144  88 139]
[144  89 138]
[144  90 139]
[144  90 139]
[144  92 140]
[144  91 139]
[144  92 138]
[144  92 139]
[144  93 139]
[144  94 138]
[144  94 138]
[144  95 137]
[144  95 137]
[144  95 137]
[144  96 137]
[144  97 137]
[144  97 137]
[144  98 137]
[144  98 136]
[144  99 136]
[144  99 136]
[144 100 136]
[144 101 136]
[145 102 136]
[145 102 135]
[145 103 135]
[144 102 135]
[144 103 134]
[144 104 134]
[144 105 134]
[143 105 134]
[144 106 134]
[143 107 133]
[144 107 133]
[143 108 133]
[143 109 132]
[143 109 132]
[143 110 132]
[143 111 131]
[88 69 81]
[131  72 136]
[131  72 136]
[132  73 136]
[132  73 136]
[132  74 136]
[132  74 136]
[141  73 142]
[142  73 142]
[142  73 142]
[142  74 143]
[142  74 142]
[142  75 142]
[143  76 142]
[142  76 142]
[142  76 142]
[143  77 142]
[143  77 142]
[143  78 142]
[144  78 142]
[143  79 141]
[143  79 141]
[143  79 141]
[143  80 141]
[144  81 141]
[144  81 141]
[143  81 140]
[144  82 140]
[143  82 140]
[143  83 140]
[143  83 140]
[144  84 141]
[143  84 140]
[144  85 140]
[144  85 140]
[144  86 140]
[144  87 140]
[144  87 139]
[144  87 139]
[144  88 139]
[144  88 139]
[144  89 139]
[144  90 138]
[144  90 138]
[144  91 139]
[144  91 138]
[144  92 138]
[144  92 138]
[144  93 138]
[144  94 138]
[144  94 138]
[144  94 137]
[144  95 137]
[144  96 137]
[144  96 136]
[145  97 137]
[144  97 136]
[144  98 136]
[144  98 136]
[144  99 136]
[145 100 136]
[144 100 136]
[144 101 136]
[145 102 135]
[144 102 134]
[144 103 135]
[144 103 134]
[144 104 134]
[144 104 134]
[144 105 134]
[144 106 133]
[144 106 133]
[143 107 133]
[143 107 132]
[143 108 131]
[143 110 132]
[117  91 108]
[71 56 65]
[131  72 136]
[131  72 135]
[132  73 136]
[133  73 136]
[132  73 136]
[133  74 136]
[138  73 139]
[142  73 141]
[142  73 142]
[143  74 142]
[142  74 142]
[143  74 141]
[143  75 142]
[143  75 141]
[143  76 142]
[143  76 141]
[143  77 141]
[143  77 141]
[143  78 141]
[143  78 141]
[143  79 141]
[143  79 141]
[143  80 141]
[143  80 140]
[143  80 141]
[144  81 141]
[143  81 140]
[143  82 140]
[144  84 141]
[144  84 141]
[143  84 140]
[144  84 140]
[144  85 140]
[144  85 139]
[144  86 140]
[144  86 139]
[144  87 140]
[144  87 139]
[144  88 138]
[144  88 138]
[144  89 138]
[145  90 139]
[144  90 138]
[255   0   0]
[144  91 138]
[144  91 138]
[144  92 137]
[144  93 138]
[145  94 137]
[144  94 137]
[144  94 136]
[144  95 136]
[145  96 137]
[144  96 136]
[144  97 136]
[144  97 136]
[144  97 135]
[144  99 135]
[144  99 135]
[144  99 135]
[144 100 135]
[144 101 135]
[144 101 135]
[144 102 134]
[144 103 134]
[144 103 134]
[143 103 133]
[144 105 134]
[144 105 133]
[144 106 133]
[144 106 132]
[144 107 132]
[142 108 131]
[31 24 29]
[130  72 134]
[131  72 135]
[132  72 135]
[132  73 135]
[133  74 136]
[133  75 135]
[133  75 135]
[143  73 142]
[142  73 142]
[142  74 142]
[143  74 141]
[143  75 141]
[144  75 142]
[143  75 142]
[143  76 141]
[144  77 142]
[143  77 141]
[143  77 141]
[144  78 142]
[143  77 141]
[144  79 141]
[143  79 141]
[143  79 140]
[143  80 140]
[144  81 141]
[144  81 140]
[144  82 140]
[143  82 140]
[145  84 141]
[144  83 140]
[144  83 139]
[144  84 140]
[144  85 140]
[144  85 139]
[144  86 139]
[144  86 139]
[145  87 139]
[144  87 139]
[144  87 138]
[144  88 138]
[144  89 138]
[144  90 138]
[145  90 138]
[145  91 138]
[144  90 137]
[145  91 138]
[145  92 138]
[144  93 137]
[145  93 136]
[144  93 136]
[145  95 136]
[144  94 136]
[144  95 136]
[144  95 135]
[144  97 136]
[145  97 135]
[144  98 135]
[145  99 135]
[144  98 134]
[144 100 134]
[143 100 134]
[144 101 134]
[144 101 134]
[144 102 134]
[144 103 133]
[143 102 133]
[144 104 133]
[143 104 132]
[143 105 132]
[143 106 131]
[133 100 122]
[78 43 80]
[130  72 135]
[131  72 134]
[132  73 135]
[133  74 135]
[133  74 135]
[132  75 134]
[141  72 140]
[142  72 141]
[143  73 141]
[143  73 141]
[143  74 141]
[143  74 141]
[144  75 141]
[144  76 142]
[144  77 141]
[144  77 141]
[143  77 141]
[143  77 141]
[144  78 141]
[143  78 140]
[144  79 140]
[143  79 140]
[144  79 140]
[144  80 140]
[144  80 140]
[144  81 139]
[144  82 139]
[144  82 139]
[144  83 139]
[144  83 139]
[144  84 139]
[144  85 139]
[144  85 139]
[144  86 139]
[144  86 139]
[144  87 139]
[144  87 138]
[144  88 138]
[144  88 137]
[144  89 138]
[144  90 138]
[144  90 137]
[144  90 138]
[144  90 137]
[144  91 137]
[144  92 137]
[144  92 136]
[145  93 137]
[144  94 136]
[144  94 136]
[144  95 135]
[144  95 136]
[144  96 135]
[145  97 135]
[145  97 135]
[144  98 135]
[144  98 135]
[144  99 134]
[143  99 134]
[144 100 133]
[143 101 134]
[144 102 133]
[144 102 133]
[143 102 132]
[143 103 132]
[143 103 132]
[142 105 131]
[92 68 84]
[131  72 134]
[132  73 134]
[131  73 133]
[132  74 134]
[133  74 134]
[133  75 135]
[132  74 133]
[142  72 141]
[143  73 141]
[143  73 141]
[144  74 141]
[143  74 141]
[143  75 141]
[144  76 141]
[143  76 140]
[143  76 140]
[143  76 140]
[144  77 140]
[144  77 140]
[143  78 139]
[144  78 139]
[144  79 140]
[144  80 140]
[144  80 139]
[144  80 139]
[144  81 140]
[144  81 139]
[144  83 139]
[144  82 139]
[144  83 139]
[144  83 138]
[144  85 139]
[144  85 139]
[144  85 138]
[144  86 138]
[144  87 138]
[145  87 138]
[144  87 137]
[144  88 137]
[145  89 138]
[144  90 138]
[144  90 137]
[144  91 137]
[144  91 137]
[144  91 136]
[144  92 136]
[144  93 136]
[144  93 136]
[144  93 135]
[144  94 135]
[144  94 134]
[144  95 135]
[144  95 135]
[144  97 135]
[145  97 134]
[144  97 134]
[144  98 134]
[143  98 133]
[144 100 133]
[144 100 133]
[143 101 132]
[144 102 132]
[143 102 132]
[143 102 131]
[143 104 131]
[51 38 47]
[130  72 133]
[131  72 134]
[131  73 133]
[132  74 134]
[133  75 134]
[132  75 134]
[133  75 134]
[142  72 140]
[142  72 141]
[143  73 141]
[143  73 140]
[143  74 140]
[144  75 140]
[144  75 141]
[143  75 140]
[143  75 140]
[144  77 140]
[144  76 139]
[144  77 139]
[144  77 139]
[145  79 140]
[144  79 140]
[144  79 139]
[144  80 139]
[144  81 139]
[145  81 139]
[144  82 139]
[144  82 139]
[144  82 139]
[144  83 138]
[144  84 138]
[145  85 138]
[144  85 138]
[144  85 137]
[144  85 137]
[145  87 138]
[144  87 137]
[145  88 138]
[144  87 137]
[144  88 136]
[145  90 137]
[144  90 136]
[145  91 137]
[144  91 136]
[145  92 136]
[144  92 135]
[255   0   0]
[145  93 135]
[144  93 135]
[144  94 135]
[144  95 134]
[144  95 135]
[144  96 134]
[145  97 134]
[144  97 134]
[144  98 134]
[144  98 134]
[144  98 133]
[143  99 132]
[143 101 132]
[143 101 132]
[143 102 132]
[143 103 131]
[10  7  9]
[108  60 110]
[132  73 134]
[132  73 134]
[132  74 134]
[132  74 133]
[133  74 133]
[133  74 133]
[136  75 135]
[143  72 140]
[143  73 140]
[144  74 141]
[143  73 140]
[144  75 140]
[144  76 141]
[143  75 140]
[144  76 140]
[144  76 140]
[145  77 140]
[145  77 139]
[144  77 139]
[144  78 139]
[144  78 139]
[144  79 139]
[144  80 139]
[145  81 139]
[144  80 138]
[145  82 139]
[144  82 139]
[145  83 139]
[144  83 138]
[144  84 138]
[145  84 138]
[145  85 138]
[144  85 137]
[145  86 137]
[144  86 137]
[144  86 136]
[144  87 136]
[144  87 136]
[144  88 136]
[144  89 136]
[144  90 136]
[144  90 136]
[144  90 135]
[144  91 135]
[144  91 135]
[144  92 135]
[144  93 135]
[144  93 134]
[144  93 134]
[144  95 134]
[144  95 134]
[145  96 134]
[144  97 134]
[144  97 133]
[144  98 133]
[143  98 133]
[143  99 132]
[143 100 131]
[142 101 131]
[111  80 102]
[14  8 15]
[132  72 133]
[132  73 133]
[133  74 133]
[133  74 133]
[133  75 133]
[134  74 133]
[134  74 134]
[143  73 140]
[144  73 141]
[144  73 140]
[144  74 140]
[144  74 140]
[144  74 140]
[144  75 139]
[145  76 140]
[144  76 139]
[144  77 139]
[144  77 139]
[145  78 139]
[144  78 139]
[144  79 139]
[145  80 139]
[144  80 139]
[144  80 139]
[145  81 138]
[144  81 138]
[144  82 138]
[145  83 138]
[144  83 138]
[144  84 137]
[144  84 137]
[145  85 138]
[144  85 137]
[145  86 137]
[145  86 137]
[144  87 137]
[145  87 136]
[144  88 136]
[145  88 136]
[145  89 136]
[144  89 135]
[144  90 135]
[144  91 135]
[145  92 135]
[145  92 135]
[144  92 135]
[144  93 134]
[144  94 134]
[145  94 134]
[145  95 134]
[144  95 134]
[144  96 133]
[144  97 133]
[143  98 133]
[143  98 132]
[143  99 131]
[142  99 131]
[71 51 65]
[131  72 132]
[132  72 132]
[133  73 133]
[133  73 133]
[134  74 133]
[134  75 133]
[134  75 133]
[142  72 139]
[143  73 140]
[144  73 140]
[144  74 140]
[144  74 140]
[145  75 140]
[144  75 139]
[144  75 139]
[145  77 140]
[144  77 139]
[144  77 139]
[144  77 138]
[144  78 138]
[144  79 138]
[144  79 139]
[144  79 138]
[145  81 138]
[144  81 138]
[145  82 138]
[145  82 138]
[144  82 137]
[145  83 138]
[145  84 137]
[144  84 137]
[144  84 137]
[144  84 137]
[144  86 137]
[144  86 136]
[144  86 136]
[144  87 136]
[144  87 136]
[145  88 136]
[144  89 135]
[145  90 135]
[144  89 134]
[144  90 134]
[144  91 135]
[145  92 134]
[144  92 134]
[144  93 134]
[144  93 133]
[144  94 133]
[144  94 133]
[143  95 132]
[143  96 132]
[142  96 131]
[143  97 131]
[141  97 129]
[30 21 28]
[61 33 61]
[133  73 132]
[133  73 132]
[134  73 132]
[134  73 132]
[135  75 133]
[134  75 133]
[139  74 136]
[143  73 139]
[144  74 140]
[144  73 139]
[144  74 140]
[144  74 139]
[144  75 139]
[144  76 139]
[144  76 139]
[144  76 138]
[144  77 138]
[145  78 139]
[144  78 138]
[144  78 138]
[144  79 138]
[144  79 137]
[144  80 138]
[144  81 137]
[144  81 137]
[145  82 138]
[145  82 138]
[145  83 137]
[145  83 137]
[144  83 136]
[145  84 136]
[144  84 136]
[145  86 136]
[144  86 136]
[144  86 135]
[144  87 135]
[255   0   0]
[144  88 135]
[144  89 134]
[144  89 134]
[144  90 134]
[144  90 134]
[144  91 134]
[145  92 134]
[145  92 133]
[145  93 133]
[145  93 133]
[144  93 132]
[144  95 132]
[143  96 132]
[133  90 122]
[133  72 131]
[133  72 132]
[134  73 132]
[134  73 132]
[134  74 132]
[134  74 132]
[134  75 132]
[143  72 139]
[144  73 139]
[144  73 139]
[144  74 139]
[144  74 139]
[144  74 138]
[144  75 138]
[145  76 139]
[144  76 138]
[145  77 138]
[145  77 138]
[145  78 138]
[145  79 138]
[145  78 138]
[145  79 137]
[145  80 137]
[145  80 137]
[145  81 137]
[146  81 137]
[145  82 137]
[145  83 137]
[144  83 136]
[144  83 135]
[144  83 136]
[144  84 136]
[144  86 135]
[144  86 135]
[145  87 135]
[144  87 135]
[144  87 134]
[144  87 134]
[145  89 134]
[144  89 133]
[145  90 134]
[144  90 133]
[144  91 133]
[144  91 133]
[143  91 132]
[144  92 132]
[144  93 132]
[143  93 132]
[117  78 107]
[104  56 103]
[134  72 132]
[133  72 131]
[134  73 132]
[135  74 132]
[134  74 131]
[134  74 132]
[142  73 137]
[144  73 139]
[145  74 139]
[145  73 139]
[145  74 139]
[145  75 138]
[145  75 138]
[145  75 137]
[146  76 138]
[145  77 138]
[145  77 138]
[145  78 138]
[145  79 137]
[145  79 137]
[145  80 137]
[144  79 137]
[145  80 137]
[145  81 137]
[145  81 137]
[145  81 136]
[145  82 136]
[144  82 135]
[144  84 136]
[144  84 135]
[144  84 135]
[145  86 135]
[144  86 135]
[144  86 134]
[144  87 134]
[144  87 134]
[144  88 134]
[144  88 133]
[144  89 133]
[143  89 133]
[144  91 133]
[143  91 132]
[143  91 131]
[144  92 132]
[144  93 131]
[144  93 131]
[123  81 113]
[8 5 8]
[133  72 131]
[134  73 132]
[134  73 132]
[135  74 132]
[134  74 131]
[135  74 131]
[142  72 136]
[143  72 138]
[145  73 139]
[144  73 138]
[145  74 138]
[145  74 138]
[145  75 138]
[145  75 137]
[145  76 138]
[145  76 138]
[145  77 137]
[145  77 137]
[146  79 137]
[145  79 137]
[145  79 137]
[145  80 137]
[145  80 136]
[145  81 136]
[145  81 136]
[145  81 136]
[144  81 135]
[144  83 135]
[144  83 135]
[145  84 135]
[144  85 135]
[144  85 134]
[145  86 134]
[144  86 133]
[144  86 134]
[145  88 134]
[144  88 134]
[144  88 133]
[144  89 133]
[144  91 132]
[143  91 131]
[144  92 132]
[142  92 130]
[143  92 130]
[144  94 131]
[143  94 130]
[133  72 131]
[133  72 131]
[134  73 131]
[134  73 130]
[135  74 131]
[135  75 131]
[136  76 131]
[144  72 138]
[145  73 138]
[145  73 138]
[146  74 138]
[145  74 138]
[145  75 137]
[145  75 137]
[145  76 137]
[145  76 137]
[145  77 137]
[144  77 136]
[146  78 137]
[145  78 137]
[145  79 136]
[145  79 136]
[145  80 136]
[145  81 136]
[145  81 136]
[145  82 135]
[144  82 135]
[144  83 135]
[145  84 135]
[145  84 135]
[144  84 134]
[144  85 134]
[144  85 133]
[145  86 133]
[144  86 133]
[144  87 133]
[143  88 132]
[143  88 132]
[143  90 131]
[255   0   0]
[112  72 103]
[10  6 10]
[135  73 131]
[134  73 130]
[135  74 130]
[134  73 130]
[135  74 130]
[136  75 131]
[144  73 137]
[144  73 138]
[145  74 137]
[145  74 138]
[145  74 137]
[145  75 137]
[145  75 137]
[145  76 137]
[145  77 137]
[145  77 137]
[145  78 137]
[145  78 136]
[145  78 136]
[145  78 136]
[145  80 136]
[145  80 135]
[145  81 135]
[145  81 135]
[145  82 135]
[144  82 134]
[144  83 134]
[145  83 134]
[144  83 133]
[145  84 134]
[144  85 133]
[145  87 133]
[144  86 132]
[144  88 132]
[144  88 132]
[143  89 131]
[143  90 131]
[71 45 65]
[2 1 2]
[134  72 130]
[134  73 130]
[135  73 130]
[135  74 130]
[136  74 130]
[136  75 130]
[143  72 137]
[144  73 137]
[145  74 137]
[145  74 137]
[145  75 137]
[145  75 137]
[146  76 137]
[145  76 137]
[146  77 137]
[145  77 136]
[145  77 136]
[145  77 135]
[145  78 136]
[145  79 136]
[144  79 134]
[145  80 135]
[144  80 134]
[145  82 135]
[144  81 134]
[144  83 134]
[144  82 133]
[144  84 134]
[144  84 133]
[144  84 132]
[143  85 131]
[144  86 132]
[143  86 131]
[143  88 131]
[134  84 123]
[20 13 18]
[48 26 46]
[135  73 130]
[135  73 130]
[136  73 130]
[136  74 130]
[137  75 131]
[137  74 131]
[144  73 137]
[145  74 137]
[145  74 137]
[145  75 137]
[145  75 136]
[145  75 136]
[145  76 136]
[145  76 135]
[145  76 135]
[145  77 135]
[145  78 135]
[145  78 135]
[145  79 134]
[146  80 135]
[145  80 134]
[145  80 135]
[145  81 134]
[144  82 134]
[144  83 133]
[144  83 133]
[144  83 133]
[143  84 132]
[144  86 132]
[144  86 132]
[133  80 121]
[66 40 60]
[31 17 30]
[135  72 130]
[136  72 130]
[137  73 130]
[137  73 130]
[138  74 131]
[138  74 131]
[144  72 136]
[145  73 136]
[145  74 136]
[145  74 136]
[145  74 135]
[144  75 135]
[146  76 135]
[146  76 136]
[145  77 135]
[145  77 135]
[145  78 135]
[145  78 134]
[145  79 134]
[144  79 134]
[144  80 134]
[144  80 133]
[145  81 133]
[144  81 133]
[144  82 133]
[143  82 132]
[144  84 131]
[143  84 131]
[110  66 101]
[7 4 6]
[104  56 100]
[136  72 129]
[137  73 130]
[137  73 130]
[138  73 130]
[138  74 131]
[144  72 135]
[145  73 136]
[145  74 136]
[145  74 136]
[145  75 135]
[146  76 135]
[145  76 135]
[145  76 135]
[145  76 134]
[145  77 135]
[144  77 134]
[144  78 133]
[144  79 134]
[144  79 133]
[145  80 133]
[144  80 132]
[144  80 132]
[144  81 132]
[144  82 131]
[143  83 131]
[52 30 47]
[6 4 6]
[136  72 129]
[138  73 130]
[138  73 130]
[138  73 130]
[139  75 131]
[142  72 134]
[144  73 135]
[144  73 134]
[145  74 135]
[145  74 134]
[145  75 135]
[145  75 134]
[145  76 135]
[145  76 135]
[144  77 134]
[144  77 133]
[144  77 133]
[145  79 133]
[144  79 132]
[144  80 132]
[144  80 132]
[144  81 132]
[143  82 131]
[10  6  9]
[2 1 2]
[100  53  94]
[137  72 129]
[138  73 130]
[139  74 130]
[139  74 131]
[143  73 133]
[144  73 135]
[144  73 134]
[145  74 134]
[145  74 134]
[144  74 134]
[144  75 133]
[145  76 134]
[144  76 133]
[145  77 134]
[144  77 132]
[145  78 133]
[144  79 132]
[143  79 132]
[144  80 131]
[123  70 112]
[9 5 8]
[138  73 129]
[139  73 130]
[139  73 130]
[140  73 131]
[143  73 133]
[144  72 134]
[145  73 134]
[144  73 133]
[145  74 134]
[144  75 133]
[144  76 133]
[145  76 133]
[144  77 133]
[144  77 133]
[144  78 132]
[144  78 132]
[143  79 131]
[72 40 66]
[6 3 6]
[139  72 129]
[140  72 130]
[141  73 131]
[143  72 132]
[144  72 132]
[144  73 133]
[145  74 134]
[144  74 133]
[145  75 133]
[144  75 132]
[144  75 131]
[144  77 132]
[144  77 132]
[144  78 131]
[31 17 28]
[7 4 6]
[65 34 60]
[140  72 130]
[142  73 131]
[142  72 131]
[143  73 132]
[145  74 133]
[144  74 132]
[144  74 132]
[144  74 132]
[144  76 132]
[143  76 132]
[133  71 122]
[2 1 2]
[70 37 65]
[141  72 130]
[142  72 131]
[143  73 131]
[144  74 132]
[144  74 132]
[143  74 131]
[143  74 130]
[92 48 84]
[4 2 4]
[141  73 129]
[142  73 130]
[143  74 131]
[142  74 130]
[51 27 47]
