15.08749195006598 13.140718795218763 10.220559062947911
16.06087852748959 -36.501996653385426 10.220559062947911
14.11410537264237 -3.4068530209826418 4.380239598406264
14.11410537264237 -35.528610075961815 14.11410537264237
15.08749195006598 17.034265104913196 8.273785908100695
15.08749195006598 6.32701275325348 10.220559062947911
13.140718795218763 14.11410537264237 13.140718795218763
15.08749195006598 -1.460079866135412 8.273785908100695
16.06087852748959 -39.42215638565626 7.300399330677087
16.06087852748959 10.220559062947911 9.247172485524304
13.140718795218763 19.954424837184046 13.140718795218763
15.08749195006598 -36.501996653385426 13.140718795218763
14.11410537264237 11.193945640371519 12.167332217795154
16.06087852748959 -3.4068530209826418 9.247172485524304
15.08749195006598 9.247172485524304 5.353626175829872
16.06087852748959 -34.55522349853821 7.300399330677087
15.08749195006598 14.11410537264237 12.167332217795154
12.167332217795154 -42.3423161179271 15.08749195006598
15.08749195006598 1.460079866135412 9.247172485524304
16.06087852748959 -8.273785908100695 7.300399330677087
15.08749195006598 -4.380239598406249 7.300399330677087
15.08749195006598 6.32701275325348 12.167332217795154
14.11410537264237 10.220559062947911 10.220559062947911
15.08749195006598 -35.528610075961815 3.406853020982628
16.06087852748959 12.167332217795154 8.273785908100695
16.06087852748959 8.273785908100695 10.220559062947911
16.06087852748959 0.486693288711804 8.273785908100695
15.08749195006598 -34.55522349853821 13.140718795218763
15.08749195006598 1.460079866135412 5.353626175829872
15.08749195006598 19.954424837184046 10.220559062947911
